0.000000000000000000e+00
0.000000000000000000e+00
1.016169940608099751e+03
9.627991769793542289e+02
9.114418593034836249e+02
8.731672105047057357e+02
8.471148515279701314e+02
8.306429495851964475e+02
8.208368268327581063e+02
8.163438507894007898e+02
8.157260740883979224e+02
8.176050780930587507e+02
8.227116175796797961e+02
8.291491713221743112e+02
8.367503142708577570e+02
8.444690474879109843e+02
8.540844757443829849e+02
8.654453274027492853e+02
8.774076792334944912e+02
8.907303293081392894e+02
9.038022036999861939e+02
9.173204692470447981e+02
9.313136420058664271e+02
9.453958294593501250e+02
9.598870873635047474e+02
9.749212029921249041e+02
9.900078644372970302e+02
1.005555677633770983e+03
1.021394129689395299e+03
1.037442928741006199e+03
1.053895813605036892e+03
1.070147333624767043e+03
1.087003822557190006e+03
1.103940456257204687e+03
1.120938736312416040e+03
1.138573276376828744e+03
1.155936971587836979e+03
1.173558491554591455e+03
1.191548808984058041e+03
1.209809388663027903e+03
1.228258031463470161e+03
1.246807340761689829e+03
1.265460551970418464e+03
1.284230559538574653e+03
1.303167400449016668e+03
1.322335969057449802e+03
1.341702968310582492e+03
1.361250892996263246e+03
1.380953186437160184e+03
1.400798148812838463e+03
1.420840935469901751e+03
1.441140363206064194e+03
1.461643612911887658e+03
1.482279241587949400e+03
1.503027804123335272e+03
1.523884711403592291e+03
1.544961591379605125e+03
1.566359528238475832e+03
1.588035830717582940e+03
1.609903236238452109e+03
1.631941336051894950e+03
1.654157282409950085e+03
1.676557050493159750e+03
1.699159319617213669e+03
1.721967910744642495e+03
1.745008928183474382e+03
1.768320154127176238e+03
1.791882090615735706e+03
1.815657204134680796e+03
1.839600531036556958e+03
1.863681962606304069e+03
1.887879284932380415e+03
1.912305865482131367e+03
1.937075538271640880e+03
1.962198138835441341e+03
1.987676072857950885e+03
2.013465276832113204e+03
2.039439811719856834e+03
2.065583264854988556e+03
2.091938649287799763e+03
2.118526692056652792e+03
2.145370834317650406e+03
2.172483091274608796e+03
2.199841050772847211e+03
2.227444585294877925e+03
2.255286138702887456e+03
2.283362305464537712e+03
2.311641712889766950e+03
2.340104567527160270e+03
2.368760789619680963e+03
2.397612871485705909e+03
2.426670366007032953e+03
2.455933925030976752e+03
2.485418689550670933e+03
2.515117516396627252e+03
2.545045548432611668e+03
2.575195644538501710e+03
2.605568093085028522e+03
2.636170611996414664e+03
2.666981207050293506e+03
2.698015027069388907e+03
2.729264937147058845e+03
2.760731232063941661e+03
2.792399351241031582e+03
2.824269592132900016e+03
2.856334825157875457e+03
2.888587922018384234e+03
2.921021755660729468e+03
2.953621771874951719e+03
2.986395702637022623e+03
3.019328995940437835e+03
3.052414362430789879e+03
3.085651275248445472e+03
3.119031613319612916e+03
3.152547256309409022e+03
3.186190084529413980e+03
3.219959407193719926e+03
3.253847105623668995e+03
3.287837633153722891e+03
3.321930300089925822e+03
3.356116988569874593e+03
3.390389580827867121e+03
3.424732530764849798e+03
3.459145148925730155e+03
3.493619317382579084e+03
3.528139489676918402e+03
3.562704975821956396e+03
3.597300228863082339e+03
3.631917129900774853e+03
3.666554988074059565e+03
3.701198255504968984e+03
3.735831619935638173e+03
3.770462997586524580e+03
3.805070826949242928e+03
3.839655831353925350e+03
3.874203877275305331e+03
3.908715687803281071e+03
3.943177129323395548e+03
3.977581496660507582e+03
4.011914656482102600e+03
4.046184760813300727e+03
4.080370248708542476e+03
4.114464416485067886e+03
4.148467989512237182e+03
4.182359408956636798e+03
4.216139402035100829e+03
4.249778983718742893e+03
4.283271455343501657e+03
4.316602691369685090e+03
4.349758567893218242e+03
4.382724962805797077e+03
4.415480124168700968e+03
4.448031201816863359e+03
4.480362859358482638e+03
4.512474619503799659e+03
4.544358579150737569e+03
4.576021694563578421e+03
4.607441211389860655e+03
4.638624091570189194e+03
4.669555014982768625e+03
4.700226092928292928e+03
4.730614583149937062e+03
4.760712603291298365e+03
4.790512274238499231e+03
4.819990863447506854e+03
4.849147926708161322e+03
4.877968166390446640e+03
4.906443716477471753e+03
4.934566714182242322e+03
4.962329299899684884e+03
4.989723617143975389e+03
5.016734384121423318e+03
5.043368607040929419e+03
5.069603581558762016e+03
5.095431462764400749e+03
5.120851836703378467e+03
5.145849568045994602e+03
5.170417483561685913e+03
5.194541116694089396e+03
5.218220859593864589e+03
5.241449677901128780e+03
5.264213110574391067e+03
5.286511554767353118e+03
5.308337980602679636e+03
5.329677930996371288e+03
5.350531806534102543e+03
5.370885151898389267e+03
5.390738369101650278e+03
5.410084432272708000e+03
5.428908887500446326e+03
5.447212137735810757e+03
5.464987157600985483e+03
5.482219493259000956e+03
5.498902118994466036e+03
5.515042865455466199e+03
5.530627277806094753e+03
5.545655757394219108e+03
5.560128704980698785e+03
5.574046520682640221e+03
5.587387318879694249e+03
5.600166354986941769e+03
5.612369104111952765e+03
5.623988204278144622e+03
5.635001369911996335e+03
5.645416028144592019e+03
5.655202463696376071e+03
5.664368102428342354e+03
5.672898084599646609e+03
5.680784978338252586e+03
5.688058493120612184e+03
5.694703768005563688e+03
5.700728226880059992e+03
5.706146721857719967e+03
5.710959248331458184e+03
5.715173230130591946e+03
5.718788662928329359e+03
5.721790685999737434e+03
5.724179295729820296e+03
5.725954489017540254e+03
5.727108835026171619e+03
5.727634903628897519e+03
5.727540122198068275e+03
5.726809633934883095e+03
5.725450868042798902e+03
5.723471254738559765e+03
5.720870796952530327e+03
5.717642070367196538e+03
5.713792508493452260e+03
5.709322117631726542e+03
5.704238333570090617e+03
5.698533736516353201e+03
5.692215764466804103e+03
5.685291856458129587e+03
5.677754595803915436e+03
5.669603995067040159e+03
5.660854924316394317e+03
5.651492540916998223e+03
5.641539144559474153e+03
5.630987321971205347e+03
5.619844516868149185e+03
5.608110744742120914e+03
5.595786021037757564e+03
5.582885217669428130e+03
5.569408349427520989e+03
5.555355430478291964e+03
5.540741330857114917e+03
5.525573491205232131e+03
5.509844494203174690e+03
5.493576634453573206e+03
5.476762491459599914e+03
5.459416927857794690e+03
5.441532536600722779e+03
5.423116834997970727e+03
5.404169926954493349e+03
5.384706770318932286e+03
5.364712606588606832e+03
5.344202387527270730e+03
5.323183633240164454e+03
5.301671288712533169e+03
5.279672866959949715e+03
5.257210733943670675e+03
5.234284966698643984e+03
5.210917923329679070e+03
5.187117101170902970e+03
5.162889993413506090e+03
5.138236660699633831e+03
5.113164587784154719e+03
5.087688683513153592e+03
5.061808995768818932e+03
5.035525568182571988e+03
5.008845868514565154e+03
4.981792217049368446e+03
4.954357216555482410e+03
4.926570607513461255e+03
4.898424984703294285e+03
4.869935224109372939e+03
4.841123626334960136e+03
4.811990203327010931e+03
4.782542391912656058e+03
4.752795053942979393e+03
4.722763048093520410e+03
4.692446373320070961e+03
4.661859882420051690e+03
4.631018425495014526e+03
4.599921993414258395e+03
4.568585431379582587e+03
4.537016154036471562e+03
4.505236430683485196e+03
4.473246243674981088e+03
4.441053001970054538e+03
4.408678969623419107e+03
4.376131552516511874e+03
4.343410726830213207e+03
4.310531324207395301e+03
4.277508175152625881e+03
4.244341252419510965e+03
4.211045384486429612e+03
4.177620542216654940e+03
4.144088980656674721e+03
4.110458097317642569e+03
4.076735288894112273e+03
4.042935371617776582e+03
4.009073128895933223e+03
3.975155906937058262e+03
3.941198479413018958e+03
3.907215619057139975e+03
3.873207240899501812e+03
3.839195543942265886e+03
3.805187869321648122e+03
3.771191556911844145e+03
3.737206516869447114e+03
3.703262371271867323e+03
3.669351598845978515e+03
3.635496389996343169e+03
3.601704076576168518e+03
3.567974560107911202e+03
3.534330025054016915e+03
3.500777796936252798e+03
3.467332627259394940e+03
3.433994408337221557e+03
3.400770458225297716e+03
3.367690377310183976e+03
3.334739193053979307e+03
3.301946500103476410e+03
3.269304748354200910e+03
3.236836098031214988e+03
3.204540421178769066e+03
3.172432443366756615e+03
3.140519458609830508e+03
3.108808757702903222e+03
3.077315056572650974e+03
3.046038211244493141e+03
3.014992931278143260e+03
2.984179066418177626e+03
2.953611320063701442e+03
2.923304392653515151e+03
2.893258125068085064e+03
2.863479783799191409e+03
2.833976632734530995e+03
2.804763361658128815e+03
2.775847229714579953e+03
2.747228065587480614e+03
2.718913124391077872e+03
2.690909659522789752e+03
2.663217494526162682e+03
2.635843880013749185e+03
2.608796065547056969e+03
2.582073871522913123e+03
2.555684546115529429e+03
2.529642765521529782e+03
2.503948349156150925e+03
2.478615978808722048e+03
2.453652930359495713e+03
2.429059057501808638e+03
2.404841643174821456e+03
2.381015399797266127e+03
2.357572756093147746e+03
2.334520999061325256e+03
2.311867417483678764e+03
2.289611873772693798e+03
2.267754232507611050e+03
2.246301788957656754e+03
2.225254412540728026e+03
2.204626832018780078e+03
2.184404065525774968e+03
2.164608275833710195e+03
2.145231915298084914e+03
2.126282296040858000e+03
2.107759304964778039e+03
2.089662832152408100e+03
2.072007627599266470e+03
2.054778731129172684e+03
2.037990899197741101e+03
2.021636606427368406e+03
2.005723187331170720e+03
1.990243122871438345e+03
1.975203753807804560e+03
1.960612423932645925e+03
1.946454194946104280e+03
1.932743844824672124e+03
1.919481297628872198e+03
1.906659051756364534e+03
1.894284464890602067e+03
1.882357468844458481e+03
1.870870569452502423e+03
1.859823703163113578e+03
1.849224236930875350e+03
1.839072111410672960e+03
1.829352412505623306e+03
1.820072513021445047e+03
1.811232359174807925e+03
1.802831898860389856e+03
1.794856224875791895e+03
1.787320144958128367e+03
1.780208754927750306e+03
1.773522008746978372e+03
1.767259861789086472e+03
1.761414842470413987e+03
1.755994337296874392e+03
1.750990877472472221e+03
1.746404423973584699e+03
1.742234936817139214e+03
1.738474939504461190e+03
1.735124383045076456e+03
1.732183220104964903e+03
1.729636548398550531e+03
1.727484324194829242e+03
1.725726505733956628e+03
1.724355625005242928e+03
1.723356787885647464e+03
1.722744816038760746e+03
1.722489963568160192e+03
1.722607057383207348e+03
1.723088642215261871e+03
1.723927265841241251e+03
1.725108050909136409e+03
1.726645836866571926e+03
1.728518324985951949e+03
1.730732933692738470e+03
1.733274800286889104e+03
1.736151351213252156e+03
1.739347732123233300e+03
1.742856521431839155e+03
1.746685158815497289e+03
1.750818803598604745e+03
1.755250048281346153e+03
1.759978918654372592e+03
1.764983160499306223e+03
1.770277666478110177e+03
1.775832764352729328e+03
1.781648500544276203e+03
1.787724926772397112e+03
1.794047243378340227e+03
1.800622941082619718e+03
1.807429802522305863e+03
1.814475329024605117e+03
1.821752170459532181e+03
1.829252981877356660e+03
1.836970423428642789e+03
1.844904588618078151e+03
1.853040719141426734e+03
1.861371489808781689e+03
1.869882151702201099e+03
1.878572817071135432e+03
1.887428745763664438e+03
1.896442630098160180e+03
1.905607166323819683e+03
1.914915054422576077e+03
1.924373854603970358e+03
1.933968845342105624e+03
1.943692736560091817e+03
1.953545668863754599e+03
1.963527783330363036e+03
1.973616937875015310e+03
1.983813277677438009e+03
1.994102093212054342e+03
2.004476105083873108e+03
2.014928035468534745e+03
2.025443179558790462e+03
2.036006833719108954e+03
2.046634008699805918e+03
2.057295145957465138e+03
2.068012686041849520e+03
2.078757071537640059e+03
2.089550743825466725e+03
2.100364146048844304e+03
2.111212291551246835e+03
2.122080480271167289e+03
2.132954012054656687e+03
2.143833043281427308e+03
2.154702873403495232e+03
2.165548801599203671e+03
2.176370983440824148e+03
2.187154717473836172e+03
2.197900158610845210e+03
2.208600033085735504e+03
2.219254495170303471e+03
2.229848842150007385e+03
2.240390656111132557e+03
2.250880090584062145e+03
2.261295013894321528e+03
2.271650436022174290e+03
2.281916796812304256e+03
2.292101677892546377e+03
2.302190375940101603e+03
2.312168187801390559e+03
2.322042695611467025e+03
2.331799196759386177e+03
2.341430417352954009e+03
2.350943940628319069e+03
2.360325065252367949e+03
2.369573947120749835e+03
2.378690742696091093e+03
2.387675609037598861e+03
2.396521275470282944e+03
2.405220471943643588e+03
2.413773357378507171e+03
2.422165234600302938e+03
2.430396263710923449e+03
2.438459176995193957e+03
2.446346707214330763e+03
2.454051588623523457e+03
2.461573988502632346e+03
2.468906647090093884e+03
2.476049733080850274e+03
2.483010843498457234e+03
2.489775290152645994e+03
2.496350669586345703e+03
2.502729721157554650e+03
2.508905183561287686e+03
2.514892079690960145e+03
2.520668289637141697e+03
2.526248833981969256e+03
2.531619018431080804e+03
2.536779003692766310e+03
2.541728948549827237e+03
2.546469009627955984e+03
2.550991912811223301e+03
2.555290381356801845e+03
2.559371992360061995e+03
2.563222034769451056e+03
2.566848079257034897e+03
2.570242836240591714e+03
2.573399012363103793e+03
2.576331595329457286e+03
2.579025855248865355e+03
2.581496771240456837e+03
2.583737032795681444e+03
2.585746753005055780e+03
2.587526040046238450e+03
2.589082425386044633e+03
2.590401150245410008e+03
2.591497163931976957e+03
2.592363125284582566e+03
2.592991687636086226e+03
2.593397783792338032e+03
2.593566627524971864e+03
2.593513140334336185e+03
2.593229952974986645e+03
2.592724547200322831e+03
2.591982114020537665e+03
2.591024980529223740e+03
2.589845754790580941e+03
2.588437039294090482e+03
2.586813716072396346e+03
2.584975805029798266e+03
2.582915892383929986e+03
2.580641415818590758e+03
2.578152379544670566e+03
2.575448782770496564e+03
2.572530619829171883e+03
2.569412736903193036e+03
2.566080261733379757e+03
2.562548030890008704e+03
2.558823448274417842e+03
2.554899056913260210e+03
2.550774824153319514e+03
2.546472998504400948e+03
2.541978682976825439e+03
2.537299262018849277e+03
2.532434688245907182e+03
2.527399767615354449e+03
2.522179589441763710e+03
2.516788953307598604e+03
2.511235227411735195e+03
2.505503491959105304e+03
2.499608537692363370e+03
2.493557724209819753e+03
2.487343551673257025e+03
2.480973374255596809e+03
2.474447115125253731e+03
2.467772123170138457e+03
2.460955744659379434e+03
2.453997894893685952e+03
2.446898486545177093e+03
2.439679714687062642e+03
2.432326629960453829e+03
2.424861422036171462e+03
2.417276564413013602e+03
2.409579384461777863e+03
2.401777206660190132e+03
2.393877352522177716e+03
2.385879712171783467e+03
2.377784172613530700e+03
2.369605474350134500e+03
2.361343497896964436e+03
2.352998120397456205e+03
2.344576643888922717e+03
2.336093795219997901e+03
2.327534584219898079e+03
2.318921158775466210e+03
2.310253377959411409e+03
2.301531097017875709e+03
2.292761595665175264e+03
2.283944721336490147e+03
2.275095174201483587e+03
2.266212793736744970e+03
2.257297415411130260e+03
2.248356299032981042e+03
2.239396700409614368e+03
2.230418443020132145e+03
2.221436202161750771e+03
2.212434932075518645e+03
2.203444152337727246e+03
2.194448808677793750e+03
2.185456128224604981e+03
2.176480762914433853e+03
2.167515076212467648e+03
2.158573713350614071e+03
2.149663888076153398e+03
2.140770526113702999e+03
2.131923120492106136e+03
2.123106591527517594e+03
2.114328142172374100e+03
2.105609829871612419e+03
2.096929139975905855e+03
2.088315554517909277e+03
2.079761412238912271e+03
2.071273907275774491e+03
2.062852804349729922e+03
2.054505295709610891e+03
2.046246001376521917e+03
2.038067255988253692e+03
2.029968822445210890e+03
2.021965320503898965e+03
2.014056513616281336e+03
2.006249594216858441e+03
1.998536898903098972e+03
1.990940478761917120e+03
1.983445244435175937e+03
1.976065821481544617e+03
1.968801980475571554e+03
1.961653493898951865e+03
1.954634993021274340e+03
1.947738826317891153e+03
1.940972201378644058e+03
1.934342328352768845e+03
1.927848991731675369e+03
1.921491978819626183e+03
1.915278508191707942e+03
1.909208373088339840e+03
1.903288798198169388e+03
1.897512154677294575e+03
1.891900530308624866e+03
1.886431446045514349e+03
1.881126996249656486e+03
1.875986993563067017e+03
1.871003825622805834e+03
1.866184740116661260e+03
1.861529559728862296e+03
1.857052967179652796e+03
1.852739936210128917e+03
1.848597733323009606e+03
1.844633629390805027e+03
1.840847470169187091e+03
1.837246532962605670e+03
1.833815813186743981e+03
1.830570022783088234e+03
1.827509020080662594e+03
1.824632666461180861e+03
1.821940826326110255e+03
1.819433367067090330e+03
1.817117587390873950e+03
1.814985932248381005e+03
1.813045706221416594e+03
1.811296788464280098e+03
1.809731632703416381e+03
1.808357552295682353e+03
1.807181863543731652e+03
1.806189600669909396e+03
1.805395514301729008e+03
1.804792073063148564e+03
1.804379177028023378e+03
1.804156729431766053e+03
1.804124636742637449e+03
1.804290237092523967e+03
1.804646015315670184e+03
1.805191888097540641e+03
1.805920347380611702e+03
1.806846173879319394e+03
1.807961867099568053e+03
1.809259930516866461e+03
1.810740300059592755e+03
1.812410344246833120e+03
1.814270007629669635e+03
1.816304382585757594e+03
1.818520851217487916e+03
1.820919372098977647e+03
1.823499908774402002e+03
1.826262429905110594e+03
1.829199481064505790e+03
1.832311041580638175e+03
1.835597096323996766e+03
1.839057635840479179e+03
1.842685228128062818e+03
1.846487303807480203e+03
1.850441586132733164e+03
1.854570374596857391e+03
1.858851404822616360e+03
1.863299560498659503e+03
1.867900018299711974e+03
1.872652818275353411e+03
1.877550579527246327e+03
1.882600784617049385e+03
1.887803494312766361e+03
1.893136490898629518e+03
1.898622133324480956e+03
1.904238216986574344e+03
1.909984828850312169e+03
1.915869490707038267e+03
1.921877445717343790e+03
1.928008800093910168e+03
1.934271094670537423e+03
1.940642163058301549e+03
1.947129558343646067e+03
1.953733411222500536e+03
1.960439001525376398e+03
1.967246471484420681e+03
1.974155968890481972e+03
1.981160218592791125e+03
1.988259379042641058e+03
1.995446185430254673e+03
2.002720806217779000e+03
2.010083414617645758e+03
2.017526760068021758e+03
2.025051024757092819e+03
2.032648966745412736e+03
2.040320776489288846e+03
2.048066648314402300e+03
2.055864495190838170e+03
2.063729375363659074e+03
2.071654065383115721e+03
2.079623916641787673e+03
2.087646568617395587e+03
2.095714806969210713e+03
2.103813991742423696e+03
2.111959198980506244e+03
2.120128365441543792e+03
2.128329143626912810e+03
2.136554331564363110e+03
2.144796729401486573e+03
2.153049139307192036e+03
2.161311793732011665e+03
2.169584926976443057e+03
2.177853918417471959e+03
2.186119005844817366e+03
2.194373000353393763e+03
2.202616142994612801e+03
2.210841248033864758e+03
2.219048559615677732e+03
2.227230895033989327e+03
2.235381070752500818e+03
2.243491895467244831e+03
2.251571033710804386e+03
2.259611294746030580e+03
2.267605489257616227e+03
2.275546429344892204e+03
2.283449213566249455e+03
2.291299228481070259e+03
2.299096718744071495e+03
2.306834502045692716e+03
2.314512825801173676e+03
2.322124510435254251e+03
2.329669806063679061e+03
2.337134107418477470e+03
2.344517667219293799e+03
2.351820739436811891e+03
2.359028722549139729e+03
2.366149301242312958e+03
2.373160447899641895e+03
2.380077277686444177e+03
2.386885193321272709e+03
2.393577026741318605e+03
2.400160467357246944e+03
2.406620920196814950e+03
2.412958647541162918e+03
2.419181340449801155e+03
2.425281833575354085e+03
2.431260390070222002e+03
2.437117273082896645e+03
2.442845317245250499e+03
2.448452213552173816e+03
2.453923367431034876e+03
2.459266468656234338e+03
2.464466921053696751e+03
2.469524984051708088e+03
2.474426059073795841e+03
2.479177831078923191e+03
2.483773126595037866e+03
2.488197341850812336e+03
2.492465584305953143e+03
2.496563245626710341e+03
2.500497999914510274e+03
2.504262661731862408e+03
2.507857470931488933e+03
2.511275235736320610e+03
2.514523617573789579e+03
2.517602845812547457e+03
2.520505717554726743e+03
2.523239882484588179e+03
2.525798129271852758e+03
2.528180673675684830e+03
2.530395168089270555e+03
2.532426978241622692e+03
2.534283749894482753e+03
2.535950838587622911e+03
2.537421022896808154e+03
2.538694504301309735e+03
2.539771478712057615e+03
2.540644708010932845e+03
2.541314376652134797e+03
2.541780663224227737e+03
2.542058597074394584e+03
2.542140916492356155e+03
2.542035210408090279e+03
2.541749061648902170e+03
2.541282618557585010e+03
2.540628594971349685e+03
2.539787126911369796e+03
2.538750915880995308e+03
2.537512657223865062e+03
2.536065040140365909e+03
2.534408176062317580e+03
2.532534741984242828e+03
2.530452265552530207e+03
2.528168268409264783e+03
2.525682837891500185e+03
2.523003483785704248e+03
2.520130281684853344e+03
2.517078158099659504e+03
2.513847177120148899e+03
2.510437397180074186e+03
2.506841442771155926e+03
2.503051932857681550e+03
2.499076337640477959e+03
2.494899836867607064e+03
2.490515033295124340e+03
2.485929381094308155e+03
2.481150329204802802e+03
2.476163036333674427e+03
2.470997226153171141e+03
2.465645475488801821e+03
2.460115212806897489e+03
2.454406433194374586e+03
2.448541411784759021e+03
2.442497848625306233e+03
2.436290580543407486e+03
2.429904726002260304e+03
2.423347683554856758e+03
2.416611990089411393e+03
2.409690177521157239e+03
2.402597055125507268e+03
2.395325131306646199e+03
2.387881763436831534e+03
2.380266875482140222e+03
2.372502671372603800e+03
2.364574208166220160e+03
2.356503679514897158e+03
2.348290988823888711e+03
2.339936034262590056e+03
2.331438708723828313e+03
2.322806328133281113e+03
2.314031346358466180e+03
2.305128496920955058e+03
2.296090222857744720e+03
2.286916390087718810e+03
2.277621715730605956e+03
2.268191197978091168e+03
2.258632114522717075e+03
2.248951737489429888e+03
2.239142476723103300e+03
2.229211593183838431e+03
2.219166342247543071e+03
2.208999117013763225e+03
2.198724590072932642e+03
2.188342571779167429e+03
2.177860295333418890e+03
2.167277560124001411e+03
2.156616445177460719e+03
2.145861882415430955e+03
2.135028511874813830e+03
2.124108683333077352e+03
2.113117026495894152e+03
2.102045880990770002e+03
2.090895009872044739e+03
2.079671599733545008e+03
2.068375404129136768e+03
2.057006172052128932e+03
2.045578504772666292e+03
2.034077285880443014e+03
2.022524536588061437e+03
2.010912560736278238e+03
1.999248515058867497e+03
1.987532124300547366e+03
1.975777966441133003e+03
1.963970902771552346e+03
1.952132933227111380e+03
1.940256341419107684e+03
1.928348264922401768e+03
1.916415838762545263e+03
1.904458767254068562e+03
1.892476754803024960e+03
1.880484369586409457e+03
1.868481323548142200e+03
1.856467327021961182e+03
1.844449517265427630e+03
1.832427601940497652e+03
1.820416144342165808e+03
1.808407421821450271e+03
1.796408567706802614e+03
1.784419286419040191e+03
1.772446710332722432e+03
1.760497971581667116e+03
1.748572773859109702e+03
1.736670820912816680e+03
1.724791816684245305e+03
1.712950322142416098e+03
1.701138613660192277e+03
1.689356396536983539e+03
1.677618233464921559e+03
1.665923831238118510e+03
1.654265469207654860e+03
1.642657712781995542e+03
1.631107700120322079e+03
1.619600285521558590e+03
1.608157466311407688e+03
1.596771527770989451e+03
1.585449613315470060e+03
1.574198867867321042e+03
1.563019009576896906e+03
1.551909758241015652e+03
1.540870835369248425e+03
1.529916820949140856e+03
1.519040011758578430e+03
1.508247563180018233e+03
1.497539204212556342e+03
1.486914665885283512e+03
1.476381109671379818e+03
1.465938270852617052e+03
1.455593315286440429e+03
1.445338554423747610e+03
1.435188587130979386e+03
1.425135729662092444e+03
1.415187157486205933e+03
1.405342620316420152e+03
1.395609298893276446e+03
1.385979520020524888e+03
1.376467898406584027e+03
1.367066766657024345e+03
1.357775888773368706e+03
1.348609888604951038e+03
1.339561105950668662e+03
1.330629303311911144e+03
1.321821672762216394e+03
1.313130553264778200e+03
1.304570572542698301e+03
1.296134077099326987e+03
1.287828274093892787e+03
1.279645518067072544e+03
1.271593024470382034e+03
1.263678013095473716e+03
1.255892851504415603e+03
1.248244768561986348e+03
1.240733569516266698e+03
1.233359064479772996e+03
1.226121068559389187e+03
1.219019401984816113e+03
1.212061318585286699e+03
1.205239220862759566e+03
1.198560373513837703e+03
1.192024618496397807e+03
1.185624375142935151e+03
1.179366925320144446e+03
1.173252128482024546e+03
1.167287278468817931e+03
1.161457390198626854e+03
1.155769769855319737e+03
1.150231729917634084e+03
1.144835732531655822e+03
1.139581674627406073e+03
1.134476887977290062e+03
1.129513854196223065e+03
1.124692489835521656e+03
1.120012718067961714e+03
1.115481897065428029e+03
1.111092534967650408e+03
1.106844574944539772e+03
1.102745395199954146e+03
1.098787523917005501e+03
1.094970924297313331e+03
1.091295566191909757e+03
1.087761426075274812e+03
1.084375915362789328e+03
1.081124166970404758e+03
1.078021033720881405e+03
1.075051661490464312e+03
1.072223487603898775e+03
1.069536527371702959e+03
1.066990802374146824e+03
1.064578912040641171e+03
1.062308318626507798e+03
1.060164207171565749e+03
1.058161489232971007e+03
1.056285370640412111e+03
1.054543348077276278e+03
1.052920638894306421e+03
1.051432179475754765e+03
1.050063198351491337e+03
1.048821214562989780e+03
1.047706324177106808e+03
1.046703771851539614e+03
1.045828520853321834e+03
1.045065826175429947e+03
1.044415804558807849e+03
1.043893434415058891e+03
1.043476557299788965e+03
1.043180161342782412e+03
1.043004382726662016e+03
1.042934505620135042e+03
1.042978103865397088e+03
1.043135327516215966e+03
1.043398902779927994e+03
1.043768988662795891e+03
1.044230891866875254e+03
1.044799636841760048e+03
1.045453110585034210e+03
1.046206346099718530e+03
1.047044667198977550e+03
1.047968258566309032e+03
1.048992165715668762e+03
1.050094296500957398e+03
1.051289704580509351e+03
1.052563734227228679e+03
1.053931447092979397e+03
1.055378195368582510e+03
1.056911620196765625e+03
1.058517081530653286e+03
1.060187371493129604e+03
1.061937571033665108e+03
1.063753051430449659e+03
1.065626615992682218e+03
1.067565928358633982e+03
1.069563799038866591e+03
1.071613042057002531e+03
1.073728759936475171e+03
1.075896345180203980e+03
1.078116050298672235e+03
1.080388131030916838e+03
1.082712846260717697e+03
1.085083029577064963e+03
1.087498945879766552e+03
1.089953433517785697e+03
1.092446757701692832e+03
1.094979185222928436e+03
1.097550985396429496e+03
1.100147573236486551e+03
1.102776651078747363e+03
1.105431066694251967e+03
1.108111098200182596e+03
1.110809597214295309e+03
1.113534273755791901e+03
1.116277982689912278e+03
1.119041008620080447e+03
1.121816209024947057e+03
1.124603870792964244e+03
1.127396853352892776e+03
1.130202873552925212e+03
1.133007363735613808e+03
1.135825470014071698e+03
1.138635196942916309e+03
1.141451690843193546e+03
1.144260384472266196e+03
1.147068995297910760e+03
1.149862955219861988e+03
1.152649980495533327e+03
1.155422929814647659e+03
1.158189517528228862e+03
1.160935171727916668e+03
1.163667604181016486e+03
1.166372240065955339e+03
1.169064216264770039e+03
1.171728954405984496e+03
1.174366730815452001e+03
1.176977819669957171e+03
1.179562492856341123e+03
1.182113591485621100e+03
1.184631382463299360e+03
1.187116130014511327e+03
1.189560667214874002e+03
1.191965252577870160e+03
1.194330141597291004e+03
1.196655586645748144e+03
1.198934408528711401e+03
1.201166853094990529e+03
1.203353162802060069e+03
1.205493576637067463e+03
1.207580901692853786e+03
1.209622798150024892e+03
1.211612065812076253e+03
1.213541500746566498e+03
1.215426180280793233e+03
1.217244036853710668e+03
1.219010143586076083e+03
1.220709856968788472e+03
1.222358242918503038e+03
1.223940649936848104e+03
1.225457279175325766e+03
1.226915756050268101e+03
1.228301416808488739e+03
1.229629306946755378e+03
1.230884754378232174e+03
1.232075367853044554e+03
1.233193895175880925e+03
1.234247936575571657e+03
1.235230231272097853e+03
1.236140942494505680e+03
1.236980229096731364e+03
1.237748245522363050e+03
1.238445141767899486e+03
1.239063634994093718e+03
1.239603866186248752e+03
1.240073400112124773e+03
1.240464940227138186e+03
1.240778613679078262e+03
1.241021971260097189e+03
1.241180273955762686e+03
1.241253634644499698e+03
1.241257018044030474e+03
1.241183098904952431e+03
1.241024547004878286e+03
1.240796312141344970e+03
1.240483625621216333e+03
1.240093998652842174e+03
1.239627508885009092e+03
1.239076800346729897e+03
1.238449368437952444e+03
1.237745274819275892e+03
1.236957147353279879e+03
1.236092465097830427e+03
1.235151273199489196e+03
1.234118754489400317e+03
1.233017227883539135e+03
1.231831864831447319e+03
1.230570116072580731e+03
1.229224569842884648e+03
1.227802665237451492e+03
1.226304407125601983e+03
1.224729794471467358e+03
1.223071391958874983e+03
1.221336615022318938e+03
1.219525444781784245e+03
1.217637855796157510e+03
1.215673814296192859e+03
1.213640708301632912e+03
1.211523634817201582e+03
1.209337398299573806e+03
1.207074512227136211e+03
1.204742340879088033e+03
1.202340814318884895e+03
1.199869856785003094e+03
1.197329386737712866e+03
1.194719316912018030e+03
1.192046982726880287e+03
1.189304857299326613e+03
1.186500264915985554e+03
1.183633096058349111e+03
1.180695807483993121e+03
1.177695707363502379e+03
1.174632670320532043e+03
1.171513994227453850e+03
1.168332115253741222e+03
1.165094321369735781e+03
1.161800467401939159e+03
1.158450403492189025e+03
1.155043975209094924e+03
1.151581023661588006e+03
1.148068813964441915e+03
1.144507178654379231e+03
1.140888517807624339e+03
1.137227512559023126e+03
1.133516555118863835e+03
1.129755462292041102e+03
1.125951475595725469e+03
1.122104404675711066e+03
1.118214055772397160e+03
1.114280231835118229e+03
1.110302732634818540e+03
1.106288783225099223e+03
1.102238177350423712e+03
1.098150705902822210e+03
1.094018728675697275e+03
1.089864316216617908e+03
1.085672394774026543e+03
1.081450173195554044e+03
1.077204857970931698e+03
1.072928796622509481e+03
1.068621762844428531e+03
1.064290956588516110e+03
1.059943575797514313e+03
1.055571959785765102e+03
1.051175874369011808e+03
1.046762512372754827e+03
1.042331638300869372e+03
1.037883015465898779e+03
1.033423833980573818e+03
1.028946425778556431e+03
1.024457978086167714e+03
1.019958248441882120e+03
1.015454421466867075e+03
1.010946252234617987e+03
1.006426066341473302e+03
1.001901045028556041e+03
9.973783685534277765e+02
9.928503595629865686e+02
9.883241965693822522e+02
9.838070573262078824e+02
9.792838338564645255e+02
9.747691309852765471e+02
9.702626963218207266e+02
9.657642770459065105e+02
9.612661916466221328e+02
9.567904717654414526e+02
9.523145787886551261e+02
9.478605441484622816e+02
9.434132575715362918e+02
9.389873223358409859e+02
9.345750569267001993e+02
9.301836368990901747e+02
9.258128099410947698e+02
9.214697526916849029e+02
9.171467858102016635e+02
9.128436591501464363e+02
9.085675518848504453e+02
9.043256442853256658e+02
9.001028327998122904e+02
8.959137286377776945e+02
8.917506594520924637e+02
8.876208112255862943e+02
8.835239433566770231e+02
8.794598171467451948e+02
8.754281959376635314e+02
8.714362735996307947e+02
8.674838179679545647e+02
8.635631709796635960e+02
8.596815338598407834e+02
8.558386822050516685e+02
8.520418228162631067e+02
8.482833087783865267e+02
8.445703529891001153e+02
8.408953148828578605e+02
8.372728423040078951e+02
8.336878728795239795e+02
8.301476317036158434e+02
8.266593472794440913e+02
8.232153952189380561e+02
8.198230117456743073e+02
8.164820087412998646e+02
8.131922021880678813e+02
8.099534122560916103e+02
8.067580350351853440e+02
8.036281843629559489e+02
8.005414083938251224e+02
7.975124015179502521e+02
7.945410059702869603e+02
7.916196402363177640e+02
7.887555841529987219e+02
7.859412655527552261e+02
7.831914020546330448e+02
7.804984309977406838e+02
7.778622228723882017e+02
7.752826529953550789e+02
7.727596015309899258e+02
7.703003818583616749e+02
7.678974555334544903e+02
7.655499745141324865e+02
7.632652668359934296e+02
7.610410085744147182e+02
7.588771092047253433e+02
7.567734830943250017e+02
7.547300494975893344e+02
7.527474753838135939e+02
7.508256897583836462e+02
7.489646264876178066e+02
7.471642242874587510e+02
7.454244267113197111e+02
7.437459249723675612e+02
7.421279294253719172e+02
7.405711408936267617e+02
7.390747793157868273e+02
7.376388122381946459e+02
7.362646976376463499e+02
7.349509268996315541e+02
7.336974818176508961e+02
7.325043489132253853e+02
7.313722622619508229e+02
7.302989893104364683e+02
7.292860163846570458e+02
7.283318631689299991e+02
7.274372825463466370e+02
7.266008035848898317e+02
7.258224457097734330e+02
7.251022332619373856e+02
7.244394533532690730e+02
7.238333980095901552e+02
7.232833639400232641e+02
7.227908810421831731e+02
7.223530268871406861e+02
7.219705979047495248e+02
7.216429095381668049e+02
7.213692819129996678e+02
7.211482970005416746e+02
7.209807699550390225e+02
7.208652920993594080e+02
7.208012022593001120e+02
7.207878439208989221e+02
7.208245652206396699e+02
7.209107189332701182e+02
7.210456624569817450e+02
7.212287577957114308e+02
7.214593715383325616e+02
7.217361319994912492e+02
7.220591576970081178e+02
7.224278288154077927e+02
7.228400443356042615e+02
7.232959361706898562e+02
7.237941549472971019e+02
7.243340984628738397e+02
7.249151687984855243e+02
7.255360294271782777e+02
7.261953479879176712e+02
7.268932818900607344e+02
7.276285069031971489e+02
7.283989599176694583e+02
7.292055530408069899e+02
7.300462308335327180e+02
7.309196843981002303e+02
7.318260941216672109e+02
7.327634154058063132e+02
7.337318355775565806e+02
7.347293167766273427e+02
7.357545671895242094e+02
7.368077837754943857e+02
7.378869379794641645e+02
7.389914897926254298e+02
7.401194162954641342e+02
7.412709257139599686e+02
7.424440002887449737e+02
7.436381103280602929e+02
7.448512427443088200e+02
7.460836151049503542e+02
7.473332184975333803e+02
7.485995314273595795e+02
7.498812907302392432e+02
7.511794632448087441e+02
7.524853604801943447e+02
7.538096090585148659e+02
7.551450088412242394e+02
7.564917891988558267e+02
7.578501805411892747e+02
7.592129858491468894e+02
7.605804372593557900e+02
7.619527676000431029e+02
7.633376386296635019e+02
7.647204275266386730e+02
7.661087968840615758e+02
7.675029812044540449e+02
7.688883584478901412e+02
7.702800200345252506e+02
7.716707722965544463e+02
7.730534214353448306e+02
7.744430584812224652e+02
7.758176324031193190e+02
7.771922335252704670e+02
7.785596666418782661e+02
7.799201643371474120e+02
7.812665302060772774e+02
7.826064238286301133e+02
7.839400756443842511e+02
7.852602868797678184e+02
7.865672861774576177e+02
7.878538728262702762e+02
7.891351300938647455e+02
7.903964267078225703e+02
7.916379868909148172e+02
7.928600335951176703e+02
7.940702167869363848e+02
7.952613283321004474e+02
7.964261586316946477e+02
7.975723532583018596e+02
7.986926994904825960e+02
7.997948396489325660e+02
8.008715576301663077e+02
8.019230638913368239e+02
8.029569953835646174e+02
8.039587020834158011e+02
8.049283886756799120e+02
8.058736861336183210e+02
8.067947949478701730e+02
8.076770567044687823e+02
8.085355241134413973e+02
8.093555341327326005e+02
8.101521347513900082e+02
8.109106582804656682e+02
8.116387195580115304e+02
8.123365024131520613e+02
8.129967595866427246e+02
8.136196693510843261e+02
8.142054070796624501e+02
8.147615735147921896e+02
8.152734812850679873e+02
8.157561532746801731e+02
8.161948957389699899e+02
8.165972966738105470e+02
8.169560839822590879e+02
8.172788387939328913e+02
8.175582819830723338e+02
8.178019874895049952e+02
8.180026688387328022e+02
8.181678924653668901e+02
8.182903642361289940e+02
8.183702144263965010e+02
8.184075692977606877e+02
8.184025510280611115e+02
8.183627059941120478e+02
8.182732913058189297e+02
8.181418448456340684e+02
8.179684718085342183e+02
8.177458446461946551e+02
8.174814880652712645e+02
8.171754939276891037e+02
8.168279495555693757e+02
8.164315093394164933e+02
8.159936797511625173e+02
8.155071059094095745e+02
8.149792849506852690e+02
8.144028526027631187e+02
8.137852965640804541e+02
8.131192430852680673e+02
8.124047420065421647e+02
8.116492667484319554e+02
8.108528576060612068e+02
8.100081217479238376e+02
8.091150899190829477e+02
8.081737880974593509e+02
8.071916658543501626e+02
8.061613113175667422e+02
8.050827362395591535e+02
8.039633760181338857e+02
8.027958046696137444e+02
8.015800199065247398e+02
8.003234431673874951e+02
7.990260629143700726e+02
7.976804345652975599e+02
7.962865373343618103e+02
7.948517743058073393e+02
7.933761157747126163e+02
7.918595276402406853e+02
7.903019714501642738e+02
7.886959760964720090e+02
7.870489229131218281e+02
7.853607606732559816e+02
7.836314339882010245e+02
7.818608833568359842e+02
7.800490452154185732e+02
7.781958519877161962e+02
7.763012321353053267e+02
7.743725385581586806e+02
7.724022635941552153e+02
7.703977524701601851e+02
7.683514899508342069e+02
7.662633854388481041e+02
7.641482013741890569e+02
7.619909831812645962e+02
7.597916294185201878e+02
7.575648918260534401e+02
7.552958052712216386e+02
7.529991145972549020e+02
7.506672762176484639e+02
7.483001715628752208e+02
7.459051071257158583e+02
7.434745294555276587e+02
7.410157386040189067e+02
7.385211747688717878e+02
7.359981317393082918e+02
7.334539002402018468e+02
7.308734829260996548e+02
7.282715928780265813e+02
7.256332268469420796e+02
7.229730921017343235e+02
7.202910363743808375e+02
7.175757620825379490e+02
7.148382539540700691e+02
7.120768658303512666e+02
7.092921774174523080e+02
7.064840229980649156e+02
7.036537199900686801e+02
7.008018404965323498e+02
6.979296970325455050e+02
6.950371140787340209e+02
6.921253994818599722e+02
6.891951160122467854e+02
6.862468243184866878e+02
6.832825688295273494e+02
6.803014206481445854e+02
6.773046774121972931e+02
6.742936348630158818e+02
6.712681012511170593e+02
6.682286259193466549e+02
6.651764993832457549e+02
6.621122677436375170e+02
6.590364756065250731e+02
6.559496661701506355e+02
6.528546098192463205e+02
6.497503615360539015e+02
6.466389465087161170e+02
6.435216460511661580e+02
6.403982548648423290e+02
6.372700524771316850e+02
6.341383176711227634e+02
6.310028429166719661e+02
6.278649058127753051e+02
6.247250406857542657e+02
6.215837815283554164e+02
6.184416621044642852e+02
6.152999588892929523e+02
6.121592055047578924e+02
6.090206784950285055e+02
6.058841689268322170e+02
6.027509538346174622e+02
5.996223106550635293e+02
5.964980316608905468e+02
5.933793954039384744e+02
5.902661954769740760e+02
5.871604547894814914e+02
5.840619686567579265e+02
5.809712762376788078e+02
5.778896606306262811e+02
5.748161776274336034e+02
5.717535984856094728e+02
5.687017245029935566e+02
5.656611012804999064e+02
5.626322759723525451e+02
5.596172830389444925e+02
5.566151873169710598e+02
5.536280267773262267e+02
5.506548699199612429e+02
5.476977585264730806e+02
5.447572507196493916e+02
5.418324210304657527e+02
5.389253174725387225e+02
5.360357617585839307e+02
5.331643206663763976e+02
5.303115631607311116e+02
5.274788033817881114e+02
5.246651293894448145e+02
5.218718602225210361e+02
5.190995746053819175e+02
5.163488538274893926e+02
5.136202817858442131e+02
5.109144450254575531e+02
5.082311899429485038e+02
5.055711084934952737e+02
5.029355382261475711e+02
5.003235909775815458e+02
4.977373527498125441e+02
4.951759410613502155e+02
4.926407048226836878e+02
4.901307673555317592e+02
4.876474834316159672e+02
4.851914679605367269e+02
4.827618531821976262e+02
4.803607457040006352e+02
4.779865410123704237e+02
4.756406090145368921e+02
4.733235798898700182e+02
4.710353441163288153e+02
4.687757953319954254e+02
4.665463160317622737e+02
4.643468062540463848e+02
4.621779121128969336e+02
4.600387973201988530e+02
4.579308573883371878e+02
4.558540054828743564e+02
4.538081581206532178e+02
4.517932351980787757e+02
4.498091600195891715e+02
4.478573449963178064e+02
4.459369774996587807e+02
4.440479912300612000e+02
4.421910662456415935e+02
4.403661433205685967e+02
4.385731668082366355e+02
4.368128275040382391e+02
4.350843341675097236e+02
4.333883848889918227e+02
4.317249386103179631e+02
4.300932151496315328e+02
4.284946665652121851e+02
4.269285201678034127e+02
4.253940070467647274e+02
4.238933334296900171e+02
4.224242523445496431e+02
4.209874919696370057e+02
4.195830414885963933e+02
4.182108939426044572e+02
4.168710462398030359e+02
4.155627563272554426e+02
4.142867717004248789e+02
4.130423580647760673e+02
4.118295278397395691e+02
4.106482973196619355e+02
4.094986866667771892e+02
4.083807199010942668e+02
4.072936820521139225e+02
4.062376048124193630e+02
4.052125236829558048e+02
4.042184779500735772e+02
4.032547678242774509e+02
4.023214400807875677e+02
4.014178023567592959e+02
4.005439087853978322e+02
3.996998171218446032e+02
3.988848458659765583e+02
3.980990598872737110e+02
3.973417847066755826e+02
3.966130921157333091e+02
3.959130572880047225e+02
3.952402730528742723e+02
3.945955640121410966e+02
3.939782723041075769e+02
3.933877432107524328e+02
3.928240679279637675e+02
3.922865978289584064e+02
3.917746872312220034e+02
3.912891789971096159e+02
3.908286902880978460e+02
3.903925838332826856e+02
3.899817106920166907e+02
3.895946960058054742e+02
3.892316531000531654e+02
3.888919549053957780e+02
3.885749767191048818e+02
3.882808389666387825e+02
3.880089214584356228e+02
3.877593489872843975e+02
3.875307627512008821e+02
3.873232916222485755e+02
3.871363235710841195e+02
3.869692484326190538e+02
3.868222006728017845e+02
3.866938308165082390e+02
3.865842767425965576e+02
3.864936780115663737e+02
3.864199472353540727e+02
3.863647126752329655e+02
3.863258898313999339e+02
3.863028812294188583e+02
3.862965763629041476e+02
3.863056374624615046e+02
3.863302136162160991e+02
3.863689693763904529e+02
3.864220560472852526e+02
3.864881402941743431e+02
3.865681182684424471e+02
3.866606585483543199e+02
3.867651734308629443e+02
3.868810760489525933e+02
3.870085231595575692e+02
3.871469294267898249e+02
3.872949673754537230e+02
3.874527958497248505e+02
3.876198314616141261e+02
3.877954913793170135e+02
3.879791932801691132e+02
3.881710981381118017e+02
3.883698816703945909e+02
3.885757056286510078e+02
3.887879892438627394e+02
3.890068948453876487e+02
3.892303564686578738e+02
3.894585368118431461e+02
3.896923415109322946e+02
3.899289620732523076e+02
3.901693041698530919e+02
3.904127877308800407e+02
3.906588325545415614e+02
3.909068582443744617e+02
3.911562841448450172e+02
3.914072721103211734e+02
3.916592407673375646e+02
3.919108654453191320e+02
3.921623066108468265e+02
3.924137241253349657e+02
3.926630486663142960e+02
3.929119243327203321e+02
3.931575373835602250e+02
3.934015301811394352e+02
3.936425727628712821e+02
3.938793341027283645e+02
3.941127105371309653e+02
3.943421115102781300e+02
3.945669451561012124e+02
3.947866181934253405e+02
3.950012787066999635e+02
3.952103304053231341e+02
3.954139182153316483e+02
3.956106996968274530e+02
3.958008163076548271e+02
3.959836648231878371e+02
3.961601257677599506e+02
3.963281063325653122e+02
3.964884829858012267e+02
3.966399015595172841e+02
3.967824913590241067e+02
3.969163794295574235e+02
3.970409476605538543e+02
3.971563183977321501e+02
3.972611258829120402e+02
3.973554875419835639e+02
3.974402611008265467e+02
3.975133303642896863e+02
3.975762906887412669e+02
3.976277634274414368e+02
3.976671100695636483e+02
3.976959178774522456e+02
3.977120571769329445e+02
3.977156240113011449e+02
3.977074544482946408e+02
3.976861532201878049e+02
3.976518078822062421e+02
3.976045031287652023e+02
3.975435779476226799e+02
3.974691112818717329e+02
3.973804363544579132e+02
3.972776263352722026e+02
3.971600086704562500e+02
3.970291364239983523e+02
3.968835884360144064e+02
3.967234263381287747e+02
3.965487088902341952e+02
3.963594919886888306e+02
3.961558286756988423e+02
3.959370263146664115e+02
3.957031322714026942e+02
3.954534482558407831e+02
3.951895016743051201e+02
3.949091029617072763e+02
3.946130311092157967e+02
3.943020623364840844e+02
3.939739987636062892e+02
3.936310967730059929e+02
3.932718958066964205e+02
3.928971609712361328e+02
3.925069117929636491e+02
3.921004222553660838e+02
3.916777064770214452e+02
3.912395187185199461e+02
3.907851248833051727e+02
3.903145310276451596e+02
3.898277405294847995e+02
3.893254969263512066e+02
3.888070554121981104e+02
3.882724113434976516e+02
3.877223002394254650e+02
3.871559692762288023e+02
3.865748914611574492e+02
3.859783086206016378e+02
3.853662027380956374e+02
3.847392959519814326e+02
3.840975648829397642e+02
3.834409834666802226e+02
3.827695229518641895e+02
3.820831518984685999e+02
3.813825790118005443e+02
3.806670246372297584e+02
3.799379349361298068e+02
3.791937820427201586e+02
3.784360067476766289e+02
3.776645614929698240e+02
3.768786532136413143e+02
3.760797146865920126e+02
3.752669475312256395e+02
3.744410363976307963e+02
3.736019204769712587e+02
3.727502791895464043e+02
3.718853037003886470e+02
3.710084111178308603e+02
3.701195303446814364e+02
3.692178449424791324e+02
3.683047645038075188e+02
3.673802105124051991e+02
3.664433592164646711e+02
3.654956130100413247e+02
3.645368863022544019e+02
3.635663483996122523e+02
3.625853948963286939e+02
3.615931907172287652e+02
3.605911271836944820e+02
3.595783650619408718e+02
3.585562916340880975e+02
3.575240637512849844e+02
3.564830649549801365e+02
3.554331915062448388e+02
3.543743379881584588e+02
3.533071401661109689e+02
3.522322322251334299e+02
3.511495040084344623e+02
3.500588439269690753e+02
3.489608818697660126e+02
3.478555036097058064e+02
3.467433365496971760e+02
3.456242641288199025e+02
3.444989115684072090e+02
3.433671602776452119e+02
3.422296335986705458e+02
3.410869540457826474e+02
3.399390005436438855e+02
3.387863941693524339e+02
3.376290125530351247e+02
3.364674756169947045e+02
3.353016599730611347e+02
3.341321846582126227e+02
3.329596683631725682e+02
3.317832438239314001e+02
3.306035292212862373e+02
3.294218854030573880e+02
3.282374445989877358e+02
3.270508246485979953e+02
3.258626433815896348e+02
3.246735186660329759e+02
3.234825827842706190e+02
3.222919394868334848e+02
3.211007213538873657e+02
3.199095468449908708e+02
3.187182918316899531e+02
3.175275753034119930e+02
3.163380165665876689e+02
3.151487496071896999e+02
3.139611372970400680e+02
3.127743144135973807e+02
3.115896446789664083e+02
3.104070066127321184e+02
3.092262792292470976e+02
3.080488277343820300e+02
3.068737893767478795e+02
3.057017876490005506e+02
3.045334466439838366e+02
3.033693910811166461e+02
3.022080178280704672e+02
3.010514386082550118e+02
2.998987945135690438e+02
2.987507130166487741e+02
2.976078222504598330e+02
2.964692654492772022e+02
2.953364151826171451e+02
2.942091592135040514e+02
2.930881290383172768e+02
2.919724714179284888e+02
2.908635625905254756e+02
2.897605513006722049e+02
2.886655586852147621e+02
2.875762499652724955e+02
2.864947485102622977e+02
2.854209503678328588e+02
2.843547528154709880e+02
2.832960544083225614e+02
2.822447550282041107e+02
2.812022416037420385e+02
2.801684168213068915e+02
2.791424420118772787e+02
2.781257085436227499e+02
2.771181236997393853e+02
2.761188535667344013e+02
2.751292944278941377e+02
2.741486158064183769e+02
2.731782175285674157e+02
2.722172727660181408e+02
2.712664422627952376e+02
2.703256458810956815e+02
2.693948054860968000e+02
2.684738449944201761e+02
2.675641760911242955e+02
2.666649840998073273e+02
2.657761993660317899e+02
2.648977544635452546e+02
2.640303270683016876e+02
2.631745971600308849e+02
2.623290185512105950e+02
2.614950187636163150e+02
2.606717992117327753e+02
2.598600494035825363e+02
2.590597184583911599e+02
2.582715007963521998e+02
2.574946076501967696e+02
2.567289955838186870e+02
2.559753665027208740e+02
2.552336819913211343e+02
2.545039061522697637e+02
2.537860056077287823e+02
2.530799494977007669e+02
2.523864523105161766e+02
2.517040025532860170e+02
2.510340626406943443e+02
2.503758689837544011e+02
2.497301461321985414e+02
2.490961354172703750e+02
2.484745662726482749e+02
2.478646848732738306e+02
2.472664826176402926e+02
2.466814389385045843e+02
2.461080642670887642e+02
2.455463570164419878e+02
2.449970607186827749e+02
2.444594354914448786e+02
2.439334865139188651e+02
2.434199639974575007e+02
2.429181346509284651e+02
2.424280101562202958e+02
2.419496043038224116e+02
2.414836757987903866e+02
2.410287568920736874e+02
2.405856103627189384e+02
2.401542581505765668e+02
2.397339813299716980e+02
2.393262914244377271e+02
2.389289877021949735e+02
2.385428426681648091e+02
2.381686307018193816e+02
2.378048995312499017e+02
2.374524272236690763e+02
2.371112508268723786e+02
2.367806663519894528e+02
2.364599715924184693e+02
2.361506946139162437e+02
2.358513938954805553e+02
2.355628581615436872e+02
2.352843921947331012e+02
2.350160453295930836e+02
2.347578686068488025e+02
2.345091719281821838e+02
2.342700097164584463e+02
2.340404380711040631e+02
2.338205147585840393e+02
2.336102992027959147e+02
2.334083668051654570e+02
2.332155231095076431e+02
2.330318324510861032e+02
2.328566179450312745e+02
2.326899471439077445e+02
2.325311463541194428e+02
2.323802862912034470e+02
2.322381820389469169e+02
2.321034216173734990e+02
2.319760802129319188e+02
2.318562345122327315e+02
2.317439626792185265e+02
2.316386014953662027e+02
2.315402320029415932e+02
2.314489366410897730e+02
2.313640563797860921e+02
2.312856763566861105e+02
2.312138830067059132e+02
2.311472783543779599e+02
2.310874369842204885e+02
2.310329633185975808e+02
2.309832057487911072e+02
2.309397422589413793e+02
2.309011805327843661e+02
2.308668720787972575e+02
2.308383978484821455e+02
2.308136255027284562e+02
2.307933948720570356e+02
2.307778037251113687e+02
2.307654648759941551e+02
2.307572203006581901e+02
2.307531697371422297e+02
2.307519277901238866e+02
2.307535952100159307e+02
2.307582731615128182e+02
2.307653203269431685e+02
2.307755813496880535e+02
2.307876725975470151e+02
2.308024391117061214e+02
2.308192403709368250e+02
2.308374359016459323e+02
2.308578708887682467e+02
2.308791619424847283e+02
2.309021540513666935e+02
2.309262063515352565e+02
2.309506777424165591e+02
2.309764125040348404e+02
2.310027689057992006e+02
2.310291048271778038e+02
2.310547777101366194e+02
2.310813730185340376e+02
2.311067615141716942e+02
2.311325275652627909e+02
2.311572835914131758e+02
2.311803842009487653e+02
2.312034118251551149e+02
2.312242340042327839e+02
2.312444317172176795e+02
2.312626138714766455e+02
2.312788742498915724e+02
2.312933058027588231e+02
2.313060006229858629e+02
2.313163070878302960e+02
2.313235726721534036e+02
2.313286295980502700e+02
2.313308234755641877e+02
2.313302417896846066e+02
2.313262282131998973e+02
2.313188682604965152e+02
2.313075036019715469e+02
2.312929605541457931e+02
2.312745787250437388e+02
2.312516966700308672e+02
2.312258803828532621e+02
2.311949806014515048e+02
2.311605611441532915e+02
2.311212133802035567e+02
2.310777560603989684e+02
2.310302639620515777e+02
2.309773250385403003e+02
2.309197545784450369e+02
2.308576238488144554e+02
2.307895172428121384e+02
2.307162464367629866e+02
2.306378790311919431e+02
2.305537385311536411e+02
2.304638899957921581e+02
2.303691400170306451e+02
2.302680653573536915e+02
2.301607271020324390e+02
2.300479278004538344e+02
2.299289829367028801e+02
2.298039494096567807e+02
2.296721398373852026e+02
2.295343510361878714e+02
2.293898926540566379e+02
2.292388156490095810e+02
2.290804265921027820e+02
2.289155161454784491e+02
2.287441305302931482e+02
2.285655714998716519e+02
2.283806248182104355e+02
2.281885888937077596e+02
2.279887604235757124e+02
2.277826628739349530e+02
2.275695894454725021e+02
2.273495743902624042e+02
2.271219073433880169e+02
2.268873618786767565e+02
2.266452240770353228e+02
2.263955209891695119e+02
2.261382777836011257e+02
2.258742605663089478e+02
2.256020050269072215e+02
2.253230162718383554e+02
2.250358261339976593e+02
2.247419358446248907e+02
2.244398733467100726e+02
2.241311359707515010e+02
2.238142477520931095e+02
2.234899592756315201e+02
2.231590191722745828e+02
2.228199456173934720e+02
2.224734833464790995e+02
2.221203751575242791e+02
2.217591334153208038e+02
2.213912399078730573e+02
2.210159460142735952e+02
2.206325012245747530e+02
2.202423816613328142e+02
2.198448330875199872e+02
2.194405851012159872e+02
2.190281369814610173e+02
2.186089575557215028e+02
2.181822853782145444e+02
2.177488429296364814e+02
2.173086081376829100e+02
2.168615572385529049e+02
2.164076648041970259e+02
2.159469037702235426e+02
2.154792454643524309e+02
2.150061453053551190e+02
2.145253429871004585e+02
2.140382908582510311e+02
2.135456969416866855e+02
2.130460392940579766e+02
2.125400230454822008e+02
2.120276090888458214e+02
2.115087569440119069e+02
2.109841676217370718e+02
2.104537979821587328e+02
2.099168607629227097e+02
2.093747959469529007e+02
2.088268137794736106e+02
2.082728661347525190e+02
2.077136465421902471e+02
2.071483617067680711e+02
2.065777028127209292e+02
2.060016168587152094e+02
2.054200497007991260e+02
2.048329461370318256e+02
2.042409927652358306e+02
2.036433895001515566e+02
2.030415637703289633e+02
2.024339706942978125e+02
2.018227786167627755e+02
2.012064407789994789e+02
2.005863808544569906e+02
1.999617931237490041e+02
1.993333566697961601e+02
1.987002640576567387e+02
1.980639355295606663e+02
1.974235620147127577e+02
1.967798193244797744e+02
1.961318968325276444e+02
1.954812116704217146e+02
1.948262089032281779e+02
1.941690470658761853e+02
1.935081698344632457e+02
1.928442487284827962e+02
1.921786974633236014e+02
1.915092149632381506e+02
1.908379565703448577e+02
1.901641057187523245e+02
1.894883309697601419e+02
1.888105575325390362e+02
1.881299672906087608e+02
1.874479701691546438e+02
1.867637471528412334e+02
1.860779644896497302e+02
1.853905452152631881e+02
1.847021548533135729e+02
1.840127157762528327e+02
1.833214072369768246e+02
1.826296367412274435e+02
1.819373259054169409e+02
1.812443961602396030e+02
1.805507687848056264e+02
1.798571077763280073e+02
1.791625913801901788e+02
1.784686263006424269e+02
1.777743907265975167e+02
1.770798057079943817e+02
1.763855351923191108e+02
1.756915003912736495e+02
1.749983654876779440e+02
1.743053091673188533e+02
1.736129960707667692e+02
1.729213485495335760e+02
1.722310321485140321e+02
1.715412270626916040e+02
1.708533423485839080e+02
1.701658161150807871e+02
1.694800582392917931e+02
1.687959933916195325e+02
1.681128039055310239e+02
1.674319011518738023e+02
1.667524685623635037e+02
1.660751758377209342e+02
1.653999504749418179e+02
1.647267206339584789e+02
1.640554151685334148e+02
1.633867064914009575e+02
1.627205249335300721e+02
1.620568016076304332e+02
1.613954684357822771e+02
1.607372010112207477e+02
1.600811901191358402e+02
1.594288559367762446e+02
1.587793910473755830e+02
1.581334746384459038e+02
1.574910440189621852e+02
1.568520374757408433e+02
1.562163942938907155e+02
1.555840547763702659e+02
1.549557030976848182e+02
1.543312816516373687e+02
1.537099910682717905e+02
1.530932615700753843e+02
1.524802959771087387e+02
1.518717838966083207e+02
1.512669303965825520e+02
1.506664273588494041e+02
1.500709678211885887e+02
1.494790174837580707e+02
1.488920145650750442e+02
1.483099128020112119e+02
1.477319242943293318e+02
1.471587480186611003e+02
1.465903413317531943e+02
1.460259199782320252e+02
1.454669294379383473e+02
1.449133307575316962e+02
1.443643433917652033e+02
1.438199308793300872e+02
1.432808008482178934e+02
1.427469193506247791e+02
1.422182536520135443e+02
1.416947720837236488e+02
1.411764441984217626e+02
1.406639836591896540e+02
1.401566197376749869e+02
1.396543258221014412e+02
1.391578194199308030e+02
1.386663336551901295e+02
1.381805886107282504e+02
1.377005628250634572e+02
1.372254932940835204e+02
1.367561039776066423e+02
1.362923772955873289e+02
1.358342969642223181e+02
1.353811051618129397e+02
1.349342738695609967e+02
1.344930478619261578e+02
1.340574160470443985e+02
1.336266257968064792e+02
1.332021542868935171e+02
1.327832514863651170e+02
1.323699114972934865e+02
1.319628725540862604e+02
1.315606456824881718e+02
1.311647145436253084e+02
1.307735927524296642e+02
1.303887665562041889e+02
1.300094949875376642e+02
1.296350383671773443e+02
1.292668868065898664e+02
1.289043031949660758e+02
1.285472945361224504e+02
1.281951262748775946e+02
1.278492936331790162e+02
1.275083217605310182e+02
1.271737084093487198e+02
1.268439812494360979e+02
1.265198977073371083e+02
1.262007307848582229e+02
1.258879832272840957e+02
1.255794448356857060e+02
1.252766208090684898e+02
1.249795318904591852e+02
1.246874571925311415e+02
1.244004198575683660e+02
1.241184442116447286e+02
1.238415557530963866e+02
1.235697811402423412e+02
1.233031481783341974e+02
1.230416858057192968e+02
1.227854240991383818e+02
1.225336514830580796e+02
1.222864003236428090e+02
1.220444468917216909e+02
1.218063400047629727e+02
1.215736008532953605e+02
1.213455231361561317e+02
1.211221443801991740e+02
1.209027602490496776e+02
1.206881530261963889e+02
1.204783630871654054e+02
1.202726888760250858e+02
1.200704297161977792e+02
1.198731142906363800e+02
1.196800436061243573e+02
1.194912623072134039e+02
1.193060729794414812e+02
1.191245217921257904e+02
1.189473984706305316e+02
1.187740077631358702e+02
1.186043979171873417e+02
1.184386178158333678e+02
1.182767169485341299e+02
1.181180025468530488e+02
1.179625252250930316e+02
1.178110789508156699e+02
1.176622296752568673e+02
1.175167723140533838e+02
1.173747593778434606e+02
1.172362437781797553e+02
1.171005359636415477e+02
1.169676895613309995e+02
1.168370156786370870e+02
1.167100542155721712e+02
1.165853739923098544e+02
1.164637725675973883e+02
1.163445620374389335e+02
1.162277975145908897e+02
1.161135342686060170e+02
1.160018277015838919e+02
1.158919904896042965e+02
1.157848210649904388e+02
1.156796322541429589e+02
1.155764797613053503e+02
1.154754193129899562e+02
1.153757638031633093e+02
1.152783117792832712e+02
1.151823760838997401e+02
1.150887551771747468e+02
1.149960189448714942e+02
1.149049656847637948e+02
1.148156507283855916e+02
1.147266436135545007e+02
1.146402279225992231e+02
1.145542300831087488e+02
1.144694477046435139e+02
1.143859353904505838e+02
1.143030047246221272e+02
1.142207099295592485e+02
1.141398478535759438e+02
1.140597294535514408e+02
1.139796654527645927e+02
1.139004519987165054e+02
1.138221421457509450e+02
1.137440458426063543e+02
1.136662155898098376e+02
1.135887035917279206e+02
1.135115617433142319e+02
1.134340987814505439e+02
1.133571087759542166e+02
1.132798997749324172e+02
1.132025222947916490e+02
1.131257693046182879e+02
1.130482048698763577e+02
1.129706211457506129e+02
1.128923241845947416e+02
1.128141052579774737e+02
1.127352694979000489e+02
1.126566072175936455e+02
1.125766797164858986e+02
1.124962762698590382e+02
1.124154427677056844e+02
1.123342245281947953e+02
1.122519234406178299e+02
1.121685836129932738e+02
1.120842485142384817e+02
1.119997037860995448e+02
1.119135058797362916e+02
1.118264390424146910e+02
1.117385439538887226e+02
1.116491177029088959e+02
1.115589422689227206e+02
1.114673131588099437e+02
1.113742678890994000e+02
1.112798431284885936e+02
1.111848175109147547e+02
1.110877402740998576e+02
1.109893882490416104e+02
1.108890516650210714e+02
1.107875054707192817e+02
1.106847808110543099e+02
1.105801650099964917e+02
1.104736872250405639e+02
1.103653755976608153e+02
1.102560000750206086e+02
1.101441010579017075e+02
1.100311892353059449e+02
1.099158028951264328e+02
1.097994505966994438e+02
1.096806684844669633e+02
1.095602201285421842e+02
1.094373823465138713e+02
1.093129165420138378e+02
1.091860973646126638e+02
1.090576840514236920e+02
1.089276919250108904e+02
1.087946495627864465e+02
1.086600558129741216e+02
1.085239227916060258e+02
1.083847758909368935e+02
1.082441107992006692e+02
1.081011936661531081e+02
1.079567752899360897e+02
1.078093769546185143e+02
1.076604902888627038e+02
1.075093774349614364e+02
1.073552995687354468e+02
1.071997454199298829e+02
1.070419742777697820e+02
1.068827301820593902e+02
1.067205277641846095e+02
1.065561092734290867e+02
1.063894732529660700e+02
1.062206173907907925e+02
1.060502813703624980e+02
1.058769755457289534e+02
1.057014379664133372e+02
1.055244058864982719e+02
1.053451301080748976e+02
1.051628606640578170e+02
1.049790753352253034e+02
1.047937654862030001e+02
1.046054360756700845e+02
1.044155626757761013e+02
1.042233916352678875e+02
1.040296542619370967e+02
1.038335954888583927e+02
1.036352023848271813e+02
1.034352041587638524e+02
1.032328436581147315e+02
1.030281058809132873e+02
1.028224608257508663e+02
1.026136636343783834e+02
1.024039257728482255e+02
1.021917438458770420e+02
1.019778422761433490e+02
1.017622019628394980e+02
1.015440602799801439e+02
1.013248824145742191e+02
1.011031615193986539e+02
1.008803613911386776e+02
1.006549737882408238e+02
1.004284611093973467e+02
1.002000565470105897e+02
9.996973542640711230e+01
9.973821520554720621e+01
9.950472697037079683e+01
9.926998677614415101e+01
9.903322430954005995e+01
9.879589706697932172e+01
9.855649051380478909e+01
9.831571793502571666e+01
9.807429193711207915e+01
9.783069595115891559e+01
9.758638408773086326e+01
9.734058130283594323e+01
9.709325475069151423e+01
9.684511379793345043e+01
9.659612436933284130e+01
9.634550896512145357e+01
9.609397518494023416e+01
9.584148724316264634e+01
9.558800882580632674e+01
9.533424594888563774e+01
9.507867564301942309e+01
9.482274582462227386e+01
9.456567547797172324e+01
9.430816885870785882e+01
9.404944418313726828e+01
9.379020499865461602e+01
9.353041170978609387e+01
9.327002444500318745e+01
9.300826025402280095e+01
9.274656448063036862e+01
9.248489662053381721e+01
9.222173035445280220e+01
9.195925342634689059e+01
9.169593932603524422e+01
9.143174716691196124e+01
9.116812171801238662e+01
9.090353642608418738e+01
9.063943612879462819e+01
9.037429440204438436e+01
9.010955626821385067e+01
8.984443837868118976e+01
8.957964321541238917e+01
8.931513061102472761e+01
8.905011777251266381e+01
8.878456497353474219e+01
8.851991841012323903e+01
8.825539604464032095e+01
8.799021612829280059e+01
8.772656855700499534e+01
8.746218653526408104e+01
8.719851777381458646e+01
8.693478182021830492e+01
8.667168424310872865e+01
8.640918813465759740e+01
8.614725695160873897e+01
8.588511168479720936e+01
8.562420220240790059e+01
8.536375024168908965e+01
8.510372074972183043e+01
8.484407904798015920e+01
8.458553366597561762e+01
8.432730783396161200e+01
8.407011082010508574e+01
8.381390942191201532e+01
8.355867079732288971e+01
8.330361962547135590e+01
8.305020944242562564e+01
8.279766562668233121e+01
8.254595673505590980e+01
8.229505166372909741e+01
8.204566247977641069e+01
8.179775874816645853e+01
8.155056752949434440e+01
8.130480188358518490e+01
8.105968952882945189e+01
8.081594418272324276e+01
8.057427989335316454e+01
8.033318253702780964e+01
8.009336683237171428e+01
7.985517642297176621e+01
7.961828674993044785e+01
7.938289359582444149e+01
7.914889597546280697e+01
7.891641613105485931e+01
7.868535384319451964e+01
7.845583214519217563e+01
7.822782591612656233e+01
7.800138473507854542e+01
7.777648434316003545e+01
7.755317523256114498e+01
7.733150838203054889e+01
7.711138670971465103e+01
7.689301079476251743e+01
7.667628463051637766e+01
7.646118706372212159e+01
7.624784610007758090e+01
7.603624179247010773e+01
7.582642911378385975e+01
7.561824084508857879e+01
7.541188186560223983e+01
7.520733490620266082e+01
7.500450913739842917e+01
7.480346304008465097e+01
7.460418157441763753e+01
7.440672476519247880e+01
7.421107915206339101e+01
7.401723208899512940e+01
7.382524604231588228e+01
7.363503575325026418e+01
7.344666538335899020e+01
7.326019995726308309e+01
7.307555680359033090e+01
7.289272841159252891e+01
7.271185671886586022e+01
7.253278741262475648e+01
7.235558991455830835e+01
7.218026024520113992e+01
7.200679530386675253e+01
7.183519286315060981e+01
7.166552584504418633e+01
7.149764517769676786e+01
7.133162548542681236e+01
7.116754222551364251e+01
7.100524882338281429e+01
7.084482235781042903e+01
7.068626640971199038e+01
7.052958532717754281e+01
7.037470992236758605e+01
7.022179458492811932e+01
7.007069727603143861e+01
6.992142520725511190e+01
6.977406053440546430e+01
6.962853748395698972e+01
6.948479089678572507e+01
6.934290477184377721e+01
6.920281510891960863e+01
6.906453273775522916e+01
6.892806901672908282e+01
6.879336152259054415e+01
6.866042259456315833e+01
6.852926503034935024e+01
6.839975349958034201e+01
6.827212450984896464e+01
6.814609498735642035e+01
6.802182794637229790e+01
6.789933820647019047e+01
6.777841809567155451e+01
6.765923170655294427e+01
6.754164633428655407e+01
6.742567816871562059e+01
6.731126943640964555e+01
6.719843696172753766e+01
6.708719787884385255e+01
6.697749534521011583e+01
6.686934710690601946e+01
6.676262264779644795e+01
6.665748889145204714e+01
6.655374165168289835e+01
6.645147418716794618e+01
6.635070578798807617e+01
6.625123321348549155e+01
6.615322496583812040e+01
6.605647846114285926e+01
6.596108858745959935e+01
6.586700201058414450e+01
6.577416574795933002e+01
6.568252717554778997e+01
6.559210831802289476e+01
6.550293157162022339e+01
6.541487114300353767e+01
6.532795018851892621e+01
6.524211796816489084e+01
6.515732413267312495e+01
6.507366729306602338e+01
6.499102360455505334e+01
6.490926961720855104e+01
6.482857940877583758e+01
6.474875603054661610e+01
6.466982577124773002e+01
6.459181530084724443e+01
6.451460309624951606e+01
6.443821656636012563e+01
6.436260919097099986e+01
6.428773479198838459e+01
6.421362180300437217e+01
6.414022468672925470e+01
6.406757248624215606e+01
6.399547167648810131e+01
6.392410040792881176e+01
6.385326564855492393e+01
6.378307171254460428e+01
6.371332596817935467e+01
6.364413308071366515e+01
6.357544928524554706e+01
6.350723092677523596e+01
6.343943443256448944e+01
6.337209056744939062e+01
6.330508155474353060e+01
6.323843818141206441e+01
6.317211691863733591e+01
6.310614845996177280e+01
6.304048912564239515e+01
6.297502083438480724e+01
6.290984820961398327e+01
6.284485285139244581e+01
6.278013901118259099e+01
6.271551358202452775e+01
6.265108034232576983e+01
6.258671994830520191e+01
6.252253561326852349e+01
6.245833310274633732e+01
6.239421498365030772e+01
6.233013490594656503e+01
6.226597187045894088e+01
6.220182734883784548e+01
6.213750528669238804e+01
6.207318064447163408e+01
6.200873083701478095e+01
6.194418142734276245e+01
6.187940898710615301e+01
6.181458679370171438e+01
6.174951627644600194e+01
6.168429556732483832e+01
6.161879951716004911e+01
6.155312539867922084e+01
6.148707292532727564e+01
6.142081280728651649e+01
6.135414392200303269e+01
6.128716187219213651e+01
6.121973900860720619e+01
6.115189585550846374e+01
6.108365255214603451e+01
6.101502886164008999e+01
6.094582132960341170e+01
6.087619756139967109e+01
6.080602767982656331e+01
6.073540431076832391e+01
6.066412258370741739e+01
6.059227443173679717e+01
6.051980290617710523e+01
6.044672503414017228e+01
6.037298325779335784e+01
6.029851972324556186e+01
6.022335056845705736e+01
6.014749164308855001e+01
6.007088422722618049e+01
5.999361788293644793e+01
5.991555903657665993e+01
5.983679667837728289e+01
5.975734522572552976e+01
5.967707023567628966e+01
5.959598553370423701e+01
5.951417892369164520e+01
5.943158932969291186e+01
5.934815535403859599e+01
5.926388955082139631e+01
5.917880413132981943e+01
5.909291095201660937e+01
5.900614721808566543e+01
5.891852403680548633e+01
5.883005211964092496e+01
5.874074176732578678e+01
5.865052857099124139e+01
5.855949624698700973e+01
5.846765377049820245e+01
5.837486107610912711e+01
5.828127474295931876e+01
5.818675371107172367e+01
5.809130496705514446e+01
5.799500924575873739e+01
5.789779816551751424e+01
5.779967706513165382e+01
5.770072499117392795e+01
5.760079755223392795e+01
5.750004689273975345e+01
5.739840169888993415e+01
5.729593860784657977e+01
5.719258506671382492e+01
5.708834217740781014e+01
5.698328469244754046e+01
5.687733816171111556e+01
5.677050178171111838e+01
5.666284839588733035e+01
5.655430164592442566e+01
5.644493310911544626e+01
5.633459088571572693e+01
5.622349388625031708e+01
5.611141475959363589e+01
5.599857126538023522e+01
5.588480915306656982e+01
5.577019644174054491e+01
5.565465201558190955e+01
5.553831705544312314e+01
5.542110935290118334e+01
5.530309474373265743e+01
5.518418999065320207e+01
5.506445993475009004e+01
5.494396894645512930e+01
5.482255809345047481e+01
5.470043942741484244e+01
5.457745316791524459e+01
5.445366198941179192e+01
5.432905390618009989e+01
5.420361657457570459e+01
5.407741159501284756e+01
5.395035167953854227e+01
5.382249780342416301e+01
5.369391065514420092e+01
5.356457636916848486e+01
5.343455510848988155e+01
5.330375822879287995e+01
5.317231970972978417e+01
5.304022475020385485e+01
5.290745834715600182e+01
5.277407958979931379e+01
5.264007310227133019e+01
5.250542333570466980e+01
5.237018885920465294e+01
5.223435379923289190e+01
5.209790212842926849e+01
5.196089195339172306e+01
5.182330695094320561e+01
5.168520493744981792e+01
5.154656930322462216e+01
5.140745758010058353e+01
5.126785287422324444e+01
5.112781243216013394e+01
5.098724478888834000e+01
5.084628118328058832e+01
5.070490413813814001e+01
5.056309602440854434e+01
5.042091334166721595e+01
5.027833814795742029e+01
5.013535234010466723e+01
4.999201193409737698e+01
4.984837277862850158e+01
4.970434197648069841e+01
4.956012355645595591e+01
4.941562423020800310e+01
4.927082481730563757e+01
4.912585452797855368e+01
4.898069382903211988e+01
4.883539729502646765e+01
4.868987075924658114e+01
4.854416845004579528e+01
4.839834442707345374e+01
4.825237830193679400e+01
4.810624952682550770e+01
4.796008596761125631e+01
4.781379249340950111e+01
4.766742240214323090e+01
4.752102886255458714e+01
4.737459064066430159e+01
4.722816067765457859e+01
4.708171753462101350e+01
4.693531397216812451e+01
4.678892839677625659e+01
4.664261344190031622e+01
4.649634741571454555e+01
4.635018288345268900e+01
4.620409811624639929e+01
4.605807139089972679e+01
4.591215529000817952e+01
4.576647671883303303e+01
4.562086550483284242e+01
4.547544868280741781e+01
4.533027909450019166e+01
4.518533540561388406e+01
4.504059640614266158e+01
4.489618959393440178e+01
4.475201977338090131e+01
4.460806620519608856e+01
4.446453118868055299e+01
4.432124580838122085e+01
4.417826421614749677e+01
4.403564079395662390e+01
4.389343016649130647e+01
4.375153864591117525e+01
4.361002137679938073e+01
4.346893377922331325e+01
4.332825727440235397e+01
4.318804785997216555e+01
4.304821326681648230e+01
4.290881009949498548e+01
4.276996955824465374e+01
4.263152602606955810e+01
4.249361134327985923e+01
4.235628340123868441e+01
4.221937756901792227e+01
4.208302667639044614e+01
4.194728959685533454e+01
4.181200268048702640e+01
4.167737402118046219e+01
4.154331490378341840e+01
4.140981121975514156e+01
4.127692346486801256e+01
4.114456388602339842e+01
4.101294217927929964e+01
4.088189693509752942e+01
4.075148990295858908e+01
4.062178313734138868e+01
4.049269042716360190e+01
4.036434870976171396e+01
4.023667236642693013e+01
4.010979892011287973e+01
3.998356904780703758e+01
3.985804656218436293e+01
3.973329555852853900e+01
3.960923184549038467e+01
3.948599436073390478e+01
3.936342518495322196e+01
3.924166380885299077e+01
3.912070143153876245e+01
3.900045524388337981e+01
3.888099127936412458e+01
3.876230156435200769e+01
3.864445268637690134e+01
3.852743722883561617e+01
3.841117377314316883e+01
3.829572975180856531e+01
3.818109860088780039e+01
3.806734833031132581e+01
3.795439867702698677e+01
3.784224395944780639e+01
3.773095308164143802e+01
3.762044668721671314e+01
3.751079429788645569e+01
3.740199146762278559e+01
3.729410835438608274e+01
3.718699259084937836e+01
3.708078927361020050e+01
3.697534669977471111e+01
3.687088492294449793e+01
3.676725292246786836e+01
3.666444859199890516e+01
3.656247017625498330e+01
3.646139055865740630e+01
3.636120869949713352e+01
3.626184963653269477e+01
3.616331305355838310e+01
3.606567328220850044e+01
3.596885645277485111e+01
3.587293762904283767e+01
3.577784367459300086e+01
3.568357610309514882e+01
3.559021107756331759e+01
3.549767655856964410e+01
3.540597515294256681e+01
3.531510982793053444e+01
3.522508390835518099e+01
3.513590107326623979e+01
3.504749106861417118e+01
3.496000683697783984e+01
3.487330452833222694e+01
3.478738919594441370e+01
3.470234050737837350e+01
3.461801560465125505e+01
3.453456908261022562e+01
3.445193299800369147e+01
3.437011399684524804e+01
3.428904474056563600e+01
3.420880674951707334e+01
3.412933326183686944e+01
3.405063207674179182e+01
3.397271126376074335e+01
3.389557915545193367e+01
3.381924434013434677e+01
3.374356708765803603e+01
3.366870504326657709e+01
3.359459323602372649e+01
3.352116692238421791e+01
3.344851014640094178e+01
3.337655859907170708e+01
3.330532246237176253e+01
3.323473783595161990e+01
3.316496386503415295e+01
3.309578846647004013e+01
3.302737115802563750e+01
3.295957450130873667e+01
3.289248408091373932e+01
3.282611136520949913e+01
3.276031941779420009e+01
3.269519431011099897e+01
3.263074798267084731e+01
3.256684395689538292e+01
3.250364303157035550e+01
3.244100900823179501e+01
3.237895438142844995e+01
3.231749177362457459e+01
3.225663393290506775e+01
3.219639372856072868e+01
3.213663557963246831e+01
3.207744686791535571e+01
3.201884079936367300e+01
3.196075639940962532e+01
3.190320707517487619e+01
3.184620632704650234e+01
3.178969346011231067e+01
3.173368214595207704e+01
3.167818613376132930e+01
3.162314496130966290e+01
3.156849823273557121e+01
3.151440846317732536e+01
3.146074108821282778e+01
3.140751015867078166e+01
3.135472976726954997e+01
3.130233975861594331e+01
3.125035428958352313e+01
3.119878753906995428e+01
3.114757941765996563e+01
3.109674412772093532e+01
3.104637015644059161e+01
3.099624885132277541e+01
3.094654296471372845e+01
3.089711809530408004e+01
3.084806266571862921e+01
3.079931649814983885e+01
3.075081937460982573e+01
3.070265959730957306e+01
3.065485113167854792e+01
3.060725931656691046e+01
3.055989799216152747e+01
3.051285521061219086e+01
3.046607037989579325e+01
3.041948282545369864e+01
3.037318035210444123e+01
3.032702782172794187e+01
3.028111284977498130e+01
3.023544866705680079e+01
3.018989983235076480e+01
3.014455364632965484e+01
3.009942301427481937e+01
3.005437215959616637e+01
3.000956232215998298e+01
2.996485748785906011e+01
2.992027008747951200e+01
2.987581242691951999e+01
2.983142239939114049e+01
2.978718633705052810e+01
2.974311616004303715e+01
2.969900080832125155e+01
2.965507479210144126e+01
2.961112678884641625e+01
2.956724247734923594e+01
2.952343311929140413e+01
2.947963555829185722e+01
2.943586078590470478e+01
2.939219394052295442e+01
2.934842288864727777e+01
2.930478105853906001e+01
2.926105603663523169e+01
2.921740668431003840e+01
2.917369458435065610e+01
2.912992973971197941e+01
2.908619628747631225e+01
2.904242964551429296e+01
2.899863935985480978e+01
2.895476053422801854e+01
2.891080239329953372e+01
2.886684827858059776e+01
2.882283279351600314e+01
2.877876464928051803e+01
2.873457809276933617e+01
2.869028146832242498e+01
2.864595721218885416e+01
2.860153899625476015e+01
2.855703457258657707e+01
2.851245148379801364e+01
2.846772277328760481e+01
2.842292982939685686e+01
2.837800524500388377e+01
2.833302994513588047e+01
2.828786176310460121e+01
2.824265541876623331e+01
2.819726824438858159e+01
2.815170587974797911e+01
2.810604798295440432e+01
2.806029965807019622e+01
2.801439145007896059e+01
2.796825362375019708e+01
2.792203900994864085e+01
2.787567730090335871e+01
2.782917218102568668e+01
2.778245275727300267e+01
2.773567069112132089e+01
2.768868021263392620e+01
2.764155810869396035e+01
2.759423231883588556e+01
2.754685333989902674e+01
2.749919995480088986e+01
2.745142206953087083e+01
2.740352073129271560e+01
2.735534813184813885e+01
2.730705331254416990e+01
2.725856218445682799e+01
2.720987466768545460e+01
2.716106469722819483e+01
2.711198309540197116e+01
2.706277756330230844e+01
2.701337270369369392e+01
2.696376716284125052e+01
2.691395935518868043e+01
2.686394747183835818e+01
2.681380377277128702e+01
2.676337746172764298e+01
2.671281467972128709e+01
2.666203852955770870e+01
2.661097193534692451e+01
2.655983478542006893e+01
2.650840110604420730e+01
2.645681618845564742e+01
2.640507661254952154e+01
2.635310453822780374e+01
2.630089627982920675e+01
2.624859659657965594e+01
2.619605299799781406e+01
2.614341001776050177e+01
2.609051495091268791e+01
2.603743784296388597e+01
2.598424864327881423e+01
2.593079435776498087e+01
2.587721903586628258e+01
2.582344378779359673e+01
2.576953820305597631e+01
2.571542321674552412e+01
2.566116824313140654e+01
2.560676832404634951e+01
2.555221841061981536e+01
2.549751336088080578e+01
2.544264793677345082e+01
2.538769108413590203e+01
2.533256307818387754e+01
2.527725836958294536e+01
2.522184557965177376e+01
2.516631892826790207e+01
2.511067251206118200e+01
2.505490029514662709e+01
2.499899609216239682e+01
2.494295357421389880e+01
2.488684055078838853e+01
2.483065039752681358e+01
2.477437633476516154e+01
2.471801142291529629e+01
2.466162284176901665e+01
2.460505475278608856e+01
2.454852256398076094e+01
2.449179580889750341e+01
2.443508954684362067e+01
2.437832152682396369e+01
2.432148360482150196e+01
2.426456746091522376e+01
2.420763888429351951e+01
2.415061492517646613e+01
2.409356103219680278e+01
2.403646820621733227e+01
2.397940157261931660e+01
2.392227753703264170e+01
2.386508664302258964e+01
2.380789358018853363e+01
2.375068862614689991e+01
2.369353622337449750e+01
2.363627785584033347e+01
2.357905204491308737e+01
2.352184866042224698e+01
2.346465750035575937e+01
2.340746830409374724e+01
2.335027076610161600e+01
2.329305454999603597e+01
2.323588358639560525e+01
2.317867323694888526e+01
2.312156172647309305e+01
2.306439017305403283e+01
2.300737115407769195e+01
2.295027160200313077e+01
2.289330422038515067e+01
2.283631037893410110e+01
2.277942867812580374e+01
2.272257497717994568e+01
2.266581382339042960e+01
2.260906132917308753e+01
2.255245659980070982e+01
2.249584175820314869e+01
2.243935622133917818e+01
2.238291672301132351e+01
2.232651445414355962e+01
2.227028935145152388e+01
2.221408440212734092e+01
2.215803991973431408e+01
2.210207355645923499e+01
2.204617743606346991e+01
2.199041815334980399e+01
2.193478820551436215e+01
2.187928027293000355e+01
2.182388721539327037e+01
2.176860206739113224e+01
2.171349231595045737e+01
2.165847704362808557e+01
2.160362405524627150e+01
2.154892701942347699e+01
2.149437974351929981e+01
2.143997616457762945e+01
2.138571033987259540e+01
2.133165072066476142e+01
2.127779157526641285e+01
2.122412726254116677e+01
2.117057793843688529e+01
2.111728668018010424e+01
2.106417377570537397e+01
2.101130813197937997e+01
2.095861013227495562e+01
2.090607447853597733e+01
2.085384446740582121e+01
2.080176628249724047e+01
2.074990897303579018e+01
2.069826731489276384e+01
2.064691037361648895e+01
2.059568436748982023e+01
2.054480693370723543e+01
2.049405000913172259e+01
2.044363123276394489e+01
2.039339682882547677e+01
2.034341587756637892e+01
2.029368318521378711e+01
2.024419357258737406e+01
2.019494188133838009e+01
2.014592298127547920e+01
2.009713177872840006e+01
2.004863750939108513e+01
2.000036089806259554e+01
1.995237130373450185e+01
1.990458959739921951e+01
1.985708530852460285e+01
1.980985378755492121e+01
1.976289050285742377e+01
1.971611677098632143e+01
1.966960262116161928e+01
1.962334395880960258e+01
1.957741114656191783e+01
1.953165188412598141e+01
1.948613692287997878e+01
1.944086294502946899e+01
1.939590114325376646e+01
1.935110009869688596e+01
1.930660577673452494e+01
1.926234155284979011e+01
1.921830535608135193e+01
1.917456967741596685e+01
1.913105872654578121e+01
1.908777128843918192e+01
1.904470644463829387e+01
1.900193786024465936e+01
1.895939093553776544e+01
1.891706565722102340e+01
1.887503659775581255e+01
1.883315577927466222e+01
1.879164693812090547e+01
1.875028840145568054e+01
1.870923019956617850e+01
1.866839979031534824e+01
1.862779918436497439e+01
1.858743065169558051e+01
1.854737099401624789e+01
1.850747439863359034e+01
1.846789240991485670e+01
1.842847964738392008e+01
1.838938805913859653e+01
1.835054692213009275e+01
1.831195996049206798e+01
1.827355676250454763e+01
1.823548989835354561e+01
1.819761491927645380e+01
1.816001032578957108e+01
1.812268041756859560e+01
1.808555527765133419e+01
1.804871360758905396e+01
1.801215986214947051e+01
1.797582423521388506e+01
1.793971121347961173e+01
1.790382528056247224e+01
1.786824518910991699e+01
1.783290109999970952e+01
1.779772314022573454e+01
1.776286424553020638e+01
1.772825445281407752e+01
1.769389802891970476e+01
1.765972489977815840e+01
1.762573921332731430e+01
1.759209361705597274e+01
1.755856927876988394e+01
1.752531872500514964e+01
1.749227157611049321e+01
1.745943168466879314e+01
1.742680285766037329e+01
1.739446314681715222e+01
1.736219343906921964e+01
1.733022030054663176e+01
1.729839886794790260e+01
1.726680712726716393e+01
1.723537450768454349e+01
1.720417902755224304e+01
1.717307588930351514e+01
1.714221747670422857e+01
1.711153338324625395e+01
1.708095327560484833e+01
1.705055547349308398e+01
1.702034411176623152e+01
1.699024915265779612e+01
1.696027496451241490e+01
1.693050033287531164e+01
1.690085562031200794e+01
1.687127134286080121e+01
1.684190102899768959e+01
1.681260124248561283e+01
1.678345157307573743e+01
1.675445750741744178e+01
1.672555043264478059e+01
1.669666192207342093e+01
1.666802086996812093e+01
1.663941065580522505e+01
1.661083769359369455e+01
1.658245714467620147e+01
1.655412721153049205e+01
1.652592911563774081e+01
1.649779567188948093e+01
1.646973412963127359e+01
1.644182616187612567e+01
1.641393071925767089e+01
1.638612971784258932e+01
1.635843089084711366e+01
1.633084205690031609e+01
1.630329682045087836e+01
1.627580312195194523e+01
1.624844322044060974e+01
1.622115082514473272e+01
1.619385964427641866e+01
1.616672621714529967e+01
1.613960991273268064e+01
1.611251861695398091e+01
1.608553442651309950e+01
1.605866506269824256e+01
1.603176957074068909e+01
1.600500400436298065e+01
1.597822714209415018e+01
1.595159474054988102e+01
1.592496525271289087e+01
1.589834551639456883e+01
1.587181645942137287e+01
1.584538452264618336e+01
1.581890736786293239e+01
1.579253957170111455e+01
1.576613835199500713e+01
1.573978354823591630e+01
1.571348048506279227e+01
1.568723425483884171e+01
1.566097543478976739e+01
1.563470865619540007e+01
1.560851260808765950e+01
1.558231719190480113e+01
1.555612637856305902e+01
1.553001821634997448e+01
1.550384770605194440e+01
1.547769251225386888e+01
1.545155584065553711e+01
1.542536645032313203e+01
1.539927580075231539e+01
1.537306379757218089e+01
1.534688164182790082e+01
1.532065757661100314e+01
1.529446831946976815e+01
1.526816765989573632e+01
1.524190645879408379e+01
1.521561267872535872e+01
1.518928853233769871e+01
1.516286192930420995e+01
1.513640934015750616e+01
1.510993295836216710e+01
1.508343499552689160e+01
1.505684340862566017e+01
1.503016047663392030e+01
1.500346280897179874e+01
1.497667850216627272e+01
1.494980999618245754e+01
1.492293407884086420e+01
1.489597903827348624e+01
1.486894751490765110e+01
1.484184221793259439e+01
1.481466592382841441e+01
1.478742147353436920e+01
1.476011176770423639e+01
1.473273976066014690e+01
1.470530845302379852e+01
1.467774659951327898e+01
1.465020583299621038e+01
1.462254066884668013e+01
1.459475419376460970e+01
1.456692376911622766e+01
1.453905244992822254e+01
1.451114325367209190e+01
1.448305057795581519e+01
1.445500016929203113e+01
1.442684627202032388e+01
1.439859159661501842e+01
1.437031301996387533e+01
1.434193871878111537e+01
1.431354528782478930e+01
1.428498630702367578e+01
1.425648659471061741e+01
1.422782507501876736e+01
1.419915188317414056e+01
1.417039408520519217e+01
1.414155280076171373e+01
1.411270319310867905e+01
1.408377160989179622e+01
1.405483270978379551e+01
1.402581232254523158e+01
1.399671029509564235e+01
1.396760048861556314e+01
1.393848221021331213e+01
1.390920592968164193e+01
1.387999326586504090e+01
1.385069415506445623e+01
1.382130684053895031e+01
1.379190359550366374e+01
1.376248216408829350e+01
1.373296577069889679e+01
1.370335169770418027e+01
1.367378558085004059e+01
1.364411572128596006e+01
1.361441308414279838e+01
1.358467417948261513e+01
1.355482107803014102e+01
1.352492427804921959e+01
1.349505415520433971e+01
1.346505812927363444e+01
1.343508066609316209e+01
1.340496902702215998e+01
1.337479326970344751e+01
1.334462341125715668e+01
1.331438088150404830e+01
1.328406139087357118e+01
1.325366066248907160e+01
1.322317444696520106e+01
1.319267281979472983e+01
1.316207734369875304e+01
1.313145821436394733e+01
1.310073713693533648e+01
1.306998446922350787e+01
1.303912209551567081e+01
1.300829485047679235e+01
1.297735053954410134e+01
1.294635992685070036e+01
1.291531960309926319e+01
1.288422626942454485e+01
1.285307673624150837e+01
1.282186792060856462e+01
1.279067112564756670e+01
1.275933490105964196e+01
1.272800502084263385e+01
1.269667877422884672e+01
1.266527923998263816e+01
1.263380384314389104e+01
1.260232434381936706e+01
1.257083825814165401e+01
1.253934312903385795e+01
1.250776222940104176e+01
1.247624168240359133e+01
1.244463046291425279e+01
1.241307465136876864e+01
1.238142315157759654e+01
1.234982194472506833e+01
1.231826837462446456e+01
1.228661113442027819e+01
1.225499595487529447e+01
1.222341989132925910e+01
1.219187987950364160e+01
1.216029844174359731e+01
1.212874652832238631e+01
1.209729494238532155e+01
1.206579148263095469e+01
1.203438092233366596e+01
1.200298502071254703e+01
1.197167393776249256e+01
1.194029481553120675e+01
1.190906604642423083e+01
1.187783443997124522e+01
1.184659521063810139e+01
1.181541770087073040e+01
1.178429682562334335e+01
1.175330164171347747e+01
1.172227822104749428e+01
1.169129536192077268e+01
1.166034746649548381e+01
1.162950312040352863e+01
1.159868225584351542e+01
1.156795330009038558e+01
1.153723605675915209e+01
1.150659885573548991e+01
1.147596143559984405e+01
1.144539209444642403e+01
1.141488485641860606e+01
1.138443377234364995e+01
1.135395865330831455e+01
1.132360222154781937e+01
1.129328442596900040e+01
1.126307387572128960e+01
1.123281643812803665e+01
1.120265523790492246e+01
1.117258496997996708e+01
1.114252619585244553e+01
1.111254820587143577e+01
1.108257189581820157e+01
1.105274119374664998e+01
1.102290308345743419e+01
1.099312759561020236e+01
1.096341067886372400e+01
1.093374848704933733e+01
1.090413738134180299e+01
1.087457393092316948e+01
1.084512919564782862e+01
1.081572587321743306e+01
1.078636114592288386e+01
1.075710667547893351e+01
1.072788574600965461e+01
1.069877039028183319e+01
1.066975853023381049e+01
1.064077396691836341e+01
1.061188921996280676e+01
1.058310266513602649e+01
1.055441280516679292e+01
1.052581825642779911e+01
1.049724345161662242e+01
1.046883575958529455e+01
1.044051976991917563e+01
1.041236869595919678e+01
1.038423294285489540e+01
1.035626007784417268e+01
1.032837483055198646e+01
1.030057620972512566e+01
1.027293749423427016e+01
1.024545765523209617e+01
1.021806134487432693e+01
1.019074745299160334e+01
1.016358909780100817e+01
1.013658505074639038e+01
1.010965972955561298e+01
1.008288604308348191e+01
1.005626253647247914e+01
1.002978767169727625e+01
1.000338554250743428e+01
9.977203008300048026e+00
9.951089710884879480e+00
9.925118061692419502e+00
9.899286111837673374e+00
9.873591841041292838e+00
9.848033164343039658e+00
9.822607940046088615e+00
9.797313978819103042e+00
9.772156482219484630e+00
9.747125768791986999e+00
9.722226999490574784e+00
9.697450477056436924e+00
9.672801372836877576e+00
9.648284884014637797e+00
9.623883962868671205e+00
9.599611329784220715e+00
9.575464917819530797e+00
9.551435315696320316e+00
9.527520638974586120e+00
9.503733972574806899e+00
9.480058814412439361e+00
9.456508515370476431e+00
9.433066864977952548e+00
9.409740101533655476e+00
9.386527209458572329e+00
9.363419929027781308e+00
9.340425050038993149e+00
9.317534705832537512e+00
9.294756092844773221e+00
9.272089190381208823e+00
9.249519335713751289e+00
9.227069224568452910e+00
9.204717199874817624e+00
9.182478962777945952e+00
9.160348143556939604e+00
9.138326011325055731e+00
9.116406612237106799e+00
9.094599047797970570e+00
9.072897752822491668e+00
9.051304772433507395e+00
9.029822323907227499e+00
9.008445357157805589e+00
8.987183827662185820e+00
8.966032970079451658e+00
8.944995569582706807e+00
8.924074519171742992e+00
8.903265376494433170e+00
8.882578633708270388e+00
8.862009988663871241e+00
8.841562614449209434e+00
8.821232287228312430e+00
8.801014799312115500e+00
8.780928229244796768e+00
8.760960928833348760e+00
8.741116079302292619e+00
8.721389392988800893e+00
8.701791385945696788e+00
8.682317653005625857e+00
8.662963713957307021e+00
8.643739860820364385e+00
8.624634007844120376e+00
8.605648826252389583e+00
8.586794310183835321e+00
8.568058058922206399e+00
8.549442415649224358e+00
8.530949609133571698e+00
8.512574325162255207e+00
8.494311136055680223e+00
8.476169359895326494e+00
8.458135922626540903e+00
8.440219933295619370e+00
8.422415548655999729e+00
8.404716837379121230e+00
8.387125216986229148e+00
8.369634606711263913e+00
8.352253722996151097e+00
8.334968948958140444e+00
8.317781488018299640e+00
8.300685091265947335e+00
8.283680926986090043e+00
8.266770165418355631e+00
8.249946563665659482e+00
8.233203907319625259e+00
8.216543451968529865e+00
8.199959079404335327e+00
8.183452166850933907e+00
8.167024170634496372e+00
